HEADER     22/ 3/ 0 3.2     

B 
9 1 0 0 1 1  0 .0050000                    0            0       1
 
8
 
 
AA 01
 
101BUS_   1                   65.81855 37.80705 .0000000 .0000000 .0000000 -79.1000 100.0000    0  1.02400    0.000
101BUS_   2                   .0000000 .0000000 .0000000 .0000000 .0000000 75.00000 100.0000    0  1.05613   -2.465
101BUS_   3                   .0000000 .0000000 12.80000 6.200000 .0000000 .1000000 100.0000    0  1.04533   -4.165
101BUS_   4                   .0000000 .0000000 .0000000 .0000000 -100.000 -122.300 100.0000    0  1.02988   -2.908
101BUS_   5                   .0000000 .0000000 16.50000 8.000000 .0000000 7.700000 100.0000    0  1.03387   -4.914
101BUS_   6                   .0000000 .0000000 9.000000 6.800000 .0000000 114.2000 100.0000    0  1.04988   -2.992
101BUS_   7                   .0000000 .0000000 .0000000 .0000000 42100.00 -55.9000 100.0000    0  0.77773  -12.588
101BUS_   8                   .0000000 .0000000 .0000000 .0000000 -30900.0 3.300000 100.0000    0  0.86317  -15.632
101BUS_   9                   .0000000 .0000000 2.600000 .9000000 -3400.00 33.70000 100.0000    0  1.13243  -16.674
101BUS_  10                   .0000000 .0000000 .0000000 .0000000 12100.00 -120.500 100.0000    0  0.75366  -22.716
101BUS_  11                   .0000000 .0000000 15.80000 5.700000 -9100.00 95.70000 100.0000    0  0.98461  -25.921
 
5  BUS_   1                            .0000000 102.4000 3
 
30BUS_   1 BUS_   2  .0000000 .0706800 .0000000 .0000000 100.0000  0
30BUS_   2 BUS_   3  .0000000 .1539900 .0000000 .0000000 100.0000  0
30BUS_   2 BUS_   4  .0377300 .0413200 .0000000 .0000000 100.0000  0
30BUS_   3 BUS_   5  .1228000 .1802700 .0000000 .0000000 100.0000  0
30BUS_   4 BUS_   5  .0000000 .4593500 .0000000 .0000000 100.0000  0
30BUS_   4 BUS_   6  .0000000 .0176400 .0000000 .0000000 100.0000  0
30BUS_   4 BUS_   7  .6114100 .8117700 .0000000 .0000000 100.0000  0
30BUS_   7 BUS_   8  .1620900 .2167300 .0000000 .0000000 100.0000  0
30BUS_   8 BUS_   9  .0718500 .7179700 .0000000 .0000000 100.0000  0
30BUS_   8 BUS_  10  .4097700 .5600000 .0000000 .0000000 100.0000  0
30BUS_  10 BUS_  11  .0264500 .2645900 .0000000 .0000000 100.0000  0
 