HEADER     22/ 3/ 0 3.2     

B 
9 1 0 0 1 1  0 .0050000                    0            0       1
 
8
 
 
AA 01
 
101BUS-   1                   724.2638 253.8762 .0000000 .0000000 .0000000 .0000000 100.0000    0  1.13600    0.000
101BUS-   2                   .0000000 .0000000 .0000000 .0000000 -100.000 144.4100 100.0000    0  1.08320  -11.086
101BUS-   3                   .0000000 .0000000 16.00000 12.00000 .0000000 30.10000 100.0000    0  1.12194  -15.455
101BUS-   4                   .0000000 .0000000 .0000000 .0000000 .0000000 -27.1000 100.0000    0  1.08384  -14.201
101BUS-   5                   .0000000 .0000000 53.00000 40.00000 .0000000 -151.900 100.0000    0  1.08077  -11.222
101BUS-   6                   .0000000 .0000000 .0000000 .0000000 .0000000 6.300000 100.0000    0  1.08265  -11.439
101BUS-   7                   .0000000 .0000000 160.0000 120.0000 .0000000 127.7000 100.0000    0  1.09253  -14.873
101BUS-   8                   .0000000 .0000000 .0000000 .0000000 .0000000 62.00000 100.0000    0  1.10109  -13.604
101BUS-   9                   .0000000 .0000000 .0000000 .0000000 .0000000 -12.9000 100.0000    0  1.09955  -13.628
101BUS-  10                   .0000000 .0000000 .0000000 .0000000 .0000000 5.800000 100.0000    0  1.10220  -13.763
101BUS-  11                   .0000000 .0000000 .0000000 .0000000 .0000000 .0000000 100.0000    0  1.10220  -13.763
101BUS-  12                   .0000000 .0000000 80.00000 60.00000 .0000000 63.80000 100.0000    0  1.09459  -15.077
101BUS-  13                   .0000000 .0000000 .0000000 .0000000 .0000000 -18.0000 100.0000    0  1.08555  -14.166
101BUS-  14                   .0000000 .0000000 80.00000 60.00000 .0000000 38.50000 100.0000    0  1.05880  -14.245
101BUS-  15                   .0000000 .0000000 .0000000 .0000000 -100.000 -101.800 100.0000    0  1.07939  -11.324
101BUS-  16                   .0000000 .0000000 64.00000 48.00000 .0000000 22.00000 100.0000    0  1.07347  -17.162
101BUS-  17                   .0000000 .0000000 .0000000 .0000000 .0000000 .0000000 100.0000    0  1.10220  -13.763
101BUS-  18                   .0000000 .0000000 24.00000 18.00000 .0000000 30.10000 100.0000    0  1.11383  -16.057
101BUS-  19                   .0000000 .0000000 .0000000 .0000000 .0000000 67.10000 100.0000    0  1.08846  -15.848
101BUS-  20                   .0000000 .0000000 88.00000 66.00000 .0000000 78.89999 100.0000    0  1.09471  -14.028
101BUS-  21                   .0000000 .0000000 .0000000 .0000000 .0000000 -71.9000 100.0000    0  1.09513  -13.751
101BUS-  22                   .0000000 .0000000 .0000000 .0000000 .0000000 -45.3000 100.0000    0  1.08559  -15.899
101BUS-  23                   .0000000 .0000000 .0000000 .0000000 10000.00 14.10000 100.0000    0  1.10032  -13.670
101BUS-  24                   .0000000 .0000000 64.00000 48.00000 .0000000 69.50000 100.0000    0  1.13264  -16.943
101BUS-  25                   .0000000 .0000000 .0000000 .0000000 .0000000 -32.7000 100.0000    0  1.09292  -13.933
101BUS-  26                   .0000000 .0000000 80.00000 60.00000 .0000000 45.10000 100.0000    0  1.07424  -20.260
101BUS-  27                   .0000000 .0000000 32.00000 24.00000 .0000000 45.10000 100.0000    0  1.12506  -15.586
101BUS-  28                   .0000000 .0000000 .0000000 .0000000 -100.000 30.20000 100.0000    0  1.07677  -11.479
101BUS-  29                   .0000000 .0000000 .0000000 .0000000 10000.00 55.70000 100.0000    0  1.09937  -13.696
101BUS-  30                   .0000000 .0000000 .0000000 .0000000 .0000000 -25.1000 100.0000    0  1.13468  -12.761
101BUS-  31                   116.0000 52.00000 .0000000 .0000000 .0000000 .0000000 100.0000    0  1.11600   -2.388
101BUS-  32                   290.0000 257.0000 .0000000 .0000000 .0000000 .0000000 100.0000    0  1.20148   -8.797
101BUS-  33                   28.50000 30.00000 .0000000 .0000000 .0000000 .0000000 100.0000    0  1.23886  -15.441
101BUS-  34                   .0000000 .0000000 .0000000 .0000000 .0000000 -51.3000 100.0000    0  1.08663  -18.842
101BUS-  35                   58.00000 56.00000 .0000000 .0000000 .0000000 .0000000 100.0000    0  1.23868  -15.123
101BUS-  36                   .0000000 .0000000 .5000000 -3.00000 .0000000 .0000000 100.0000    0  1.17741  -18.919
101BUS-  37                   .0000000 .0000000 .0000000 .0000000 .0000000 -41.5000 100.0000    0  1.08320   -6.609
101BUS-  38                   .0000000 .0000000 144.0000 102.0000 .0000000 78.80000 100.0000    0  1.16798  -18.842
101BUS-  39                   .0000000 .0000000 .0000000 .0000000 .0000000 14.60000 100.0000    0  1.07211  -11.593
101BUS-  40                   .0000000 .0000000 .0000000 .0000000 .0000000 -166.800 100.0000    0  1.13049  -12.912
101BUS-  41                   .0000000 .0000000 80.00000 30.00000 .0000000 .0000000 100.0000    0  1.05192  -14.301
101BUS-  42                   .0000000 .0000000 224.0000 168.0000 .0000000 162.2000 100.0000    0  1.14489  -17.503
101BUS-  43                   .0000000 .0000000 .0000000 .0000000 .0000000 -37.4000 100.0000    0  1.07025  -11.617
 
5  BUS-   1                            .0000000 113.6000 3
 
30BUS-   1 BUS-   2  .0000000 .0326700 .0000000 .0000000 100.0000  0
30BUS-   2 BUS-   5  .0003300 .0010400 .0000000 .0000000 100.0000  0
30BUS-   2 BUS-   6  .0026700 .0084000 .0000000 .0000000 100.0000  0
30BUS-   2 BUS-  15  .0005400 .0017000 .0000000 .0000000 100.0000  0
30BUS-   3 BUS-   4  .0000000 .1662500 .0000000 .0000000 100.0000  0
30BUS-   4 BUS-  13  .0079500 .0081500 .0000000 .0000000 100.0000  0
30BUS-   5 BUS-   7  .0000000 .0470000 .0000000 .0000000 100.0000  0
30BUS-   5 BUS-   8  .0000000 .0487500 .0000000 .0000000 100.0000  0
30BUS-   6 BUS-  12  .0000000 .0940000 .0000000 .0000000 100.0000  0
30BUS-   8 BUS-   9  .0016900 .0017300 .0000000 .0000000 100.0000  0
30BUS-   8 BUS-  23  .0029900 .0030500 .0000000 .0000000 100.0000  0
30BUS-   9 BUS-  10  .0405000 .0415000 .0000000 .0000000 100.0000  0
30BUS-   9 BUS-  16  .0000000 .1136900 .0000000 .0000000 100.0000  0
30BUS-  10 BUS-  11  .0000000 .3500200 .0000000 .0000000 100.0000  0
30BUS-  10 BUS-  17  .0000000 .1750100 .0000000 .0000000 100.0000  0
30BUS-  13 BUS-  18  .0000000 .1662500 .0000000 .0000000 100.0000  0
30BUS-  13 BUS-  25  .0158000 .0161000 .0000000 .0000000 100.0000  0
30BUS-  14 BUS-  43  .0000000 .0649400 .0000000 .0000000 100.0000  0
30BUS-  15 BUS-  19  .0000000 .1156200 .0000000 .0000000 100.0000  0
30BUS-  15 BUS-  20  .0000000 .0633300 .0000000 .0000000 100.0000  0
30BUS-  15 BUS-  28  .0010900 .0022800 .0000000 .0000000 100.0000  0
30BUS-  19 BUS-  22  .0016200 .0026900 .0000000 .0000000 100.0000  0
30BUS-  21 BUS-  24  .0000000 .1079100 .0000000 .0000000 100.0000  0
30BUS-  21 BUS-  29  .0036300 .0046500 .0000000 .0000000 100.0000  0
30BUS-  22 BUS-  26  .0000000 .1108300 .0000000 .0000000 100.0000  0
30BUS-  23 BUS-  29  .0030900 .0031700 .0000000 .0000000 100.0000  0
30BUS-  25 BUS-  27  .0000000 .1108300 .0000000 .0000000 100.0000  0
30BUS-  25 BUS-  29  .0075000 .0088000 .0000000 .0000000 100.0000  0
30BUS-  28 BUS-  39  .0019000 .0024000 .0000000 .0000000 100.0000  0
30BUS-  29 BUS-  30  .0000000 .2655300 .0000000 .0000000 100.0000  0
30BUS-  29 BUS-  37  .0000000 .1266600 .0000000 .0000000 100.0000  0
30BUS-  30 BUS-  32  .0000000 .0325000 .0000000 .0000000 100.0000  0
30BUS-  30 BUS-  38  .0000000 .2420700 .0000000 .0000000 100.0000  0
30BUS-  30 BUS-  40  .0005000 .0019300 .0000000 .0000000 100.0000  0
30BUS-  31 BUS-  37  .0000000 .0767000 .0000000 .0000000 100.0000  0
30BUS-  33 BUS-  38  .0000000 .3012000 .0000000 .0000000 100.0000  0
30BUS-  34 BUS-  38  .0000000 .1459400 .0000000 .0000000 100.0000  0
30BUS-  35 BUS-  38  .0000000 .1618100 .0000000 .0000000 100.0000  0
30BUS-  36 BUS-  38  .0000000 .3699600 .0000000 .0000000 100.0000  0
30BUS-  39 BUS-  41  .0000000 .0666000 .0000000 .0000000 100.0000  0
30BUS-  39 BUS-  43  .0012400 .0015700 .0000000 .0000000 100.0000  0
30BUS-  40 BUS-  42  .0000000 .0462500 .0000000 .0000000 100.0000  0
 