HEADER      8/ 4/ 0 3.2     

B 
9 1 0 0 1 1  0 .0050000                    0            0       1
 
8
 
 
AA 01
 
101BUS-   1                   .0000000 .0000000 90.00000 49.00000 .0000000 .0000000 100.0000    0  1.02773    5.926
101BUS-   2                   .0000000 .0000000 56.00000 15.00000 .0000000 .0000000 100.0000    0  1.03465    7.716
101BUS-   3                   .0000000 .0000000 20.00000 .0000000 .0000000 .0000000 100.0000    0  0.99644    6.616
101BUS-   4                   .0000000 .0000000 .0000000 .0000000 .0000000 .0000000 100.0000    0  1.03015    4.683
101BUS-   5                   .0000000 .0000000 353.0000 130.0000 .0000000 .0000000 100.0000    0  1.01842    4.659
101BUS-   6                   .0000000 .0000000 120.0000 41.00000 .0000000 .0000000 100.0000    0  1.03051    6.966
101BUS-   7                   .0000000 .0000000 .0000000 .0000000 .0000000 .0000000 100.0000    0  0.99275    6.164
101BUS-   8                   -5.00000 10.00000 58.00000 14.00000 .0000000 .0000000 100.0000    0  1.01465    2.370
101BUS-   9                   .0000000 .0000000 96.00000 43.00000 .0000000 .0000000 100.0000    0  1.00275    2.826
101BUS-  10                   -5.00000 20.00000 148.0000 33.00000 .0000000 .0000000 100.0000    0  1.02000    1.318
101BUS-  11                   .0000000 .0000000 83.00000 21.00000 .0000000 .0000000 100.0000    0  1.00509    2.436
101BUS-  12                   .0000000 .0000000 .0000000 .0000000 .0000000 .0000000 100.0000    0  0.99675    5.189
101BUS-  13                   .0000000 .0000000 58.00000 10.00000 .0000000 .0000000 100.0000    0  0.99707   -0.584
101BUS-  14                   .0000000 .0000000 160.0000 60.00000 .0000000 .0000000 100.0000    0  0.99850   -4.850
101BUS-  15                   .0000000 .0000000 126.7000 23.00000 .0000000 .0000000 100.0000    0  1.03375   -8.624
101BUS-  16                   .0000000 .0000000 .0000000 .0000000 .0000000 .0000000 100.0000    0  1.03099   -2.681
101BUS-  17                   .0000000 .0000000 561.0000 220.0000 .0000000 .0000000 100.0000    0  1.06416  -13.146
101BUS-  19                   .0000000 .0000000 .0000000 .0000000 .0000000 .0000000 100.0000    0  0.98142    1.051
101BUS-  20                   -10.0000 20.00000 595.0000 120.0000 .0000000 .0000000 100.0000    0  1.00037   -2.495
101BUS-  21                   .0000000 .0000000 77.00000 1.000000 .0000000 .0000000 100.0000    0  0.97461    1.592
101BUS-  22                   .0000000 .0000000 81.00000 23.00000 .0000000 .0000000 100.0000    0  0.99563   -2.007
101BUS-  23                   .0000000 .0000000 21.00000 7.000000 .0000000 .0000000 100.0000    0  1.04948    3.910
101BUS-  24                   .0000000 .0000000 .0000000 .0000000 .0000000 .0000000 100.0000    0  1.00533    5.993
101BUS-  25                   .0000000 .0000000 45.00000 12.00000 .0000000 .0000000 100.0000    0  1.02271    1.409
101BUS-  26                   .0000000 .0000000 28.00000 9.000000 .0000000 .0000000 100.0000    0  0.99791   -1.769
101BUS-  27                   .0000000 .0000000 69.00000 13.00000 .0000000 .0000000 100.0000    0  0.97436   -4.934
101BUS-  33                   .0000000 .0000000 55.00000 6.000000 .0000000 .0000000 100.0000    0  1.02408  -12.060
101BUS-  34                   .0000000 .0000000 .0000000 .0000000 .0000000 .0000000 100.0000    0  1.04100   -7.973
101BUS-  35                   .0000000 .0000000 .0000000 .0000000 .0000000 .0000000 100.0000    0  0.97547  -25.774
101BUS-  36                   .0000000 .0000000 .0000000 .0000000 .0000000 .0000000 100.0000    0  1.00098  -22.643
101BUS-  37                   .0000000 .0000000 85.00000 32.00000 .0000000 .0000000 100.0000    0  1.01969  -11.264
101BUS-  38                   .0000000 .0000000 155.0000 18.00000 .0000000 .0000000 100.0000    0  1.01982  -12.597
101BUS-  39                   .0000000 .0000000 .0000000 .0000000 .0000000 .0000000 100.0000    0  1.05324   -5.846
101BUS-  40                   .0000000 .0000000 46.00000 -21.0000 .0000000 .0000000 100.0000    0  1.02120  -12.813
101BUS-  41                   .0000000 .0000000 86.00000 .0000000 .0000000 .0000000 100.0000    0  1.02877  -10.484
101BUS-  42                   .0000000 .0000000 .0000000 .0000000 .0000000 .0000000 100.0000    0  1.04450   -7.481
101BUS-  43                   .0000000 .0000000 39.00000 9.000000 .0000000 .0000000 100.0000    0  1.00023  -16.830
101BUS-  44                   .0000000 .0000000 195.0000 29.00000 .0000000 .0000000 100.0000    0  1.00823  -17.511
101BUS-  45                   .0000000 .0000000 .0000000 .0000000 .0000000 .0000000 100.0000    0  1.02117  -14.780
101BUS-  46                   .0000000 .0000000 .0000000 .0000000 .0000000 .0000000 100.0000    0  1.03406  -11.794
101BUS-  47                   .0000000 .0000000 58.00000 11.80000 .0000000 .0000000 100.0000    0  0.97747  -23.215
101BUS-  48                   .0000000 .0000000 41.00000 19.00000 .0000000 .0000000 100.0000    0  1.00165  -16.138
101BUS-  49                   .0000000 .0000000 92.00000 26.00000 .0000000 .0000000 100.0000    0  1.04685   -2.957
101BUS-  51                   .0000000 .0000000 -5.00000 5.000000 .0000000 .0000000 100.0000    0  1.02476   -8.176
101BUS-  52                   .0000000 .0000000 61.00000 28.00000 .0000000 .0000000 100.0000    0  0.99736  -11.895
101BUS-  53                   .0000000 .0000000 69.00000 3.000000 .0000000 .0000000 100.0000    0  0.99551  -17.648
101BUS-  54                   .0000000 .0000000 10.00000 1.000000 .0000000 .0000000 100.0000    0  1.00458  -16.294
101BUS-  55                   .0000000 .0000000 22.00000 10.00000 .0000000 .0000000 100.0000    0  1.01452  -12.250
101BUS-  57                   .0000000 .0000000 98.00000 20.00000 .0000000 .0000000 100.0000    0  1.03291   -8.035
101BUS-  58                   .0000000 .0000000 14.00000 1.000000 .0000000 .0000000 100.0000    0  0.99123   -6.030
101BUS-  59                   .0000000 .0000000 218.0000 106.0000 .0000000 .0000000 100.0000    0  0.97826   -5.323
101BUS-  60                   .0000000 .0000000 .0000000 .0000000 .0000000 .0000000 100.0000    0  1.02415   -9.597
101BUS-  61                   .0000000 .0000000 227.0000 110.0000 .0000000 .0000000 100.0000    0  0.99007   -3.502
101BUS-  62                   .0000000 .0000000 .0000000 .0000000 .0000000 .0000000 100.0000    0  1.01538   -1.130
101BUS-  63                   .0000000 25.00000 70.00000 30.00000 .0000000 .0000000 100.0000    0  0.95741  -17.681
101BUS-  64                   .0000000 .0000000 .0000000 .0000000 .0000000 .0000000 100.0000    0  0.94711  -13.020
101BUS-  69                   .0000000 .0000000 .0000000 .0000000 .0000000 .0000000 100.0000    0  0.96308  -25.713
101BUS-  70                   .0000000 .0000000 56.00000 20.00000 .0000000 .0000000 100.0000    0  0.95099  -35.212
101BUS-  71                   .0000000 .0000000 116.0000 38.00000 .0000000 .0000000 100.0000    0  0.97908  -29.929
101BUS-  72                   .0000000 .0000000 57.00000 19.00000 .0000000 .0000000 100.0000    0  0.96939  -27.529
101BUS-  73                   .0000000 .0000000 224.0000 71.00000 .0000000 .0000000 100.0000    0  0.97728  -25.816
101BUS-  74                   .0000000 .0000000 .0000000 .0000000 .0000000 .0000000 100.0000    0  0.99620  -22.049
101BUS-  76                   .0000000 34.54422 208.0000 107.0000 .0000000 .0000000 100.0000    0  0.96300  -26.592
101BUS-  77                   .0000000 .0000000 74.00000 28.00000 .0000000 .0000000 100.0000    0  0.98362  -24.992
101BUS-  78                   .0000000 .0000000 .0000000 .0000000 .0000000 .0000000 100.0000    0  0.98986  -24.101
101BUS-  79                   .0000000 .0000000 48.00000 14.00000 .0000000 .0000000 100.0000    0  0.98185  -25.024
101BUS-  80                   .0000000 .0000000 28.00000 7.000000 .0000000 .0000000 100.0000    0  0.98713  -25.023
101BUS-  81                   .0000000 .0000000 .0000000 .0000000 .0000000 .0000000 100.0000    0  1.03393  -18.935
101BUS-  84                   375.0000 133.3920 37.00000 13.00000 .0000000 .0000000 100.0000    0  1.02500  -17.213
101BUS-  85                   .0000000 .0000000 .0000000 .0000000 .0000000 .0000000 100.0000    0  0.98715  -17.724
101BUS-  86                   .0000000 .0000000 .0000000 .0000000 .0000000 .0000000 100.0000    0  0.99081  -14.231
101BUS-  87                   .0000000 .0000000 .0000000 .0000000 .0000000 .0000000 100.0000    0  0.99178   -7.806
101BUS-  88                   .0000000 .0000000 .0000000 .0000000 .0000000 .0000000 100.0000    0  1.01500  -21.008
101BUS-  89                   .0000000 .0000000 44.20000 .0000000 .0000000 .0000000 100.0000    0  1.03145  -11.176
101BUS-  90                   .0000000 .0000000 66.00000 .0000000 .0000000 .0000000 100.0000    0  1.02691  -11.269
101BUS-  91                   155.0000 44.29079 17.40000 .0000000 .0000000 .0000000 100.0000    0  1.05200   -9.449
101BUS-  92                   290.0000 31.22012 15.80000 .0000000 .0000000 .0000000 100.0000    0  1.05200   -6.242
101BUS-  94                   .0000000 .0000000 60.30000 .0000000 .0000000 .0000000 100.0000    0  0.99279   -9.461
101BUS-  97                   .0000000 .0000000 39.90000 .0000000 .0000000 .0000000 100.0000    0  1.01821  -13.282
101BUS-  98                   68.00000 -10.6845 66.70000 .0000000 .0000000 .0000000 100.0000    0  1.00000  -14.652
101BUS-  99                   .0000000 .0000000 83.50000 .0000000 .0000000 .0000000 100.0000    0  0.98936  -20.316
101BUS- 100                   .0000000 .0000000 .0000000 .0000000 .0000000 .0000000 100.0000    0  1.00598  -14.492
101BUS- 102                   .0000000 .0000000 77.80000 .0000000 .0000000 .0000000 100.0000    0  1.00070  -15.277
101BUS- 103                   .0000000 .0000000 32.00000 .0000000 .0000000 .0000000 100.0000    0  1.02873  -12.108
101BUS- 104                   .0000000 .0000000 8.600000 .0000000 .0000000 .0000000 100.0000    0  0.99576  -17.372
101BUS- 105                   .0000000 .0000000 49.60000 .0000000 .0000000 .0000000 100.0000    0  1.02221  -12.985
101BUS- 107                   .0000000 .0000000 4.600000 .0000000 .0000000 .0000000 100.0000    0  1.00933  -16.072
101BUS- 108                   117.0000 20.64980 112.1000 .0000000 .0000000 .0000000 100.0000    0  0.99000  -20.305
101BUS- 109                   .0000000 .0000000 30.70000 .0000000 .0000000 .0000000 100.0000    0  0.97478  -26.113
101BUS- 110                   .0000000 .0000000 63.00000 .0000000 .0000000 .0000000 100.0000    0  0.97293  -24.767
101BUS- 112                   .0000000 .0000000 19.60000 .0000000 .0000000 .0000000 100.0000    0  0.97256  -28.741
101BUS- 113                   .0000000 .0000000 26.20000 .0000000 .0000000 .0000000 100.0000    0  0.96977  -25.430
101BUS- 114                   .0000000 .0000000 18.20000 .0000000 .0000000 .0000000 100.0000    0  0.97472  -28.636
101BUS- 115                   .0000000 .0000000 .0000000 .0000000 .0000000 .0000000 100.0000    0  0.95960  -13.624
101BUS- 116                   .0000000 .0000000 .0000000 .0000000 .0000000 .0000000 100.0000    0  1.02419  -12.741
101BUS- 117                   .0000000 .0000000 .0000000 .0000000 .0000000 325.0000 100.0000    0  0.93411   -4.762
101BUS- 118                   .0000000 .0000000 14.10000 650.0000 .0000000 .0000000 100.0000    0  0.92914   -4.163
101BUS- 119                   1930.000 1052.234 .0000000 .0000000 .0000000 .0000000 100.0000    0  1.04300    5.137
101BUS- 120                   .0000000 .0000000 777.0000 215.0000 .0000000 55.00000 100.0000    0  0.95779   -8.817
101BUS- 121                   .0000000 .0000000 535.0000 55.00000 .0000000 .0000000 100.0000    0  0.98642  -12.688
101BUS- 122                   .0000000 .0000000 229.1000 11.80000 .0000000 .0000000 100.0000    0  0.97209  -14.419
101BUS- 123                   .0000000 .0000000 78.00000 1.400000 .0000000 .0000000 100.0000    0  0.99989  -17.694
101BUS- 124                   240.0000 120.0000 276.4000 59.30000 .0000000 .0000000 100.0000    0  1.02263  -13.539
101BUS- 125                   .0000000 200.0000 514.8000 82.70000 .0000000 .0000000 100.0000    0  1.00962  -18.488
101BUS- 126                   .0000000 .0000000 57.90000 5.100000 .0000000 .0000000 100.0000    0  0.99709  -12.917
101BUS- 127                   .0000000 .0000000 380.8000 37.00000 .0000000 .0000000 100.0000    0  0.99951  -10.573
101BUS- 128                   .0000000 .0000000 .0000000 .0000000 .0000000 .0000000 100.0000    0  1.00175   -4.819
101BUS- 129                   .0000000 .0000000 .0000000 .0000000 .0000000 .0000000 100.0000    0  1.00215   -4.439
101BUS- 130                   .0000000 .0000000 .0000000 .0000000 .0000000 .0000000 100.0000    0  1.01837    5.534
101BUS- 131                   .0000000 .0000000 .0000000 .0000000 .0000000 .0000000 100.0000    0  0.98546    6.032
101BUS- 132                   .0000000 .0000000 .0000000 .0000000 .0000000 .0000000 100.0000    0  1.00370    3.016
101BUS- 133                   .0000000 .0000000 .0000000 .0000000 .0000000 .0000000 100.0000    0  1.00137   -5.504
101BUS- 134                   .0000000 .0000000 .0000000 .0000000 .0000000 .0000000 100.0000    0  1.02159   -8.093
101BUS- 135                   .0000000 .0000000 169.2000 41.60000 .0000000 .0000000 100.0000    0  1.01886   -6.804
101BUS- 136                   .0000000 .0000000 55.20000 18.20000 .0000000 .0000000 100.0000    0  1.04714    1.499
101BUS- 137                   .0000000 .0000000 273.6000 99.80000 .0000000 .0000000 100.0000    0  1.04690   -1.497
101BUS- 138                   -192.500 229.7384 826.7000 135.2000 .0000000 .0000000 100.0000    0  1.05500   -6.398
101BUS- 139                   .0000000 .0000000 595.0000 83.30000 .0000000 .0000000 100.0000    0  1.01118   -3.610
101BUS- 140                   .0000000 .0000000 387.7000 114.7000 .0000000 .0000000 100.0000    0  1.04268   -3.479
101BUS- 141                   281.0000 66.23631 145.0000 58.00000 .0000000 .0000000 100.0000    0  1.05100    0.004
101BUS- 142                   .0000000 .0000000 56.50000 24.50000 .0000000 .0000000 100.0000    0  1.01542   -2.809
101BUS- 143                   696.0000 123.9221 89.50000 35.50000 .0000000 .0000000 100.0000    0  1.04300    4.000
101BUS- 144                   .0000000 .0000000 .0000000 .0000000 .0000000 .0000000 100.0000    0  1.01546   -0.729
101BUS- 145                   .0000000 .0000000 24.00000 14.00000 .0000000 .0000000 100.0000    0  1.00739   -0.196
101BUS- 146                   84.00000 34.31904 .0000000 .0000000 .0000000 .0000000 100.0000    0  1.05200    4.289
101BUS- 147                   217.0000 -50.0000 .0000000 .0000000 .0000000 .0000000 100.0000    0  1.05202    8.337
101BUS- 148                   .0000000 .0000000 63.00000 25.00000 .0000000 .0000000 100.0000    0  1.05709    0.239
101BUS- 149                   103.0000 50.00000 .0000000 .0000000 .0000000 .0000000 100.0000    0  1.07294    5.197
101BUS- 150                   .0000000 .0000000 .0000000 .0000000 .0000000 .0000000 100.0000    0  0.98624    6.313
101BUS- 151                   .0000000 .0000000 .0000000 .0000000 .0000000 .0000000 100.0000    0  1.00398    4.104
101BUS- 152                   372.0000 -50.0000 17.00000 9.000000 .0000000 .0000000 100.0000    0  1.05301    9.206
101BUS- 153                   216.0000 -23.9623 .0000000 .0000000 .0000000 .0000000 100.0000    0  1.04300   10.424
101BUS- 154                   .0000000 .0000000 70.00000 5.000000 .0000000 34.50000 100.0000    0  0.96593   -1.847
101BUS- 155                   .0000000 .0000000 200.0000 50.00000 .0000000 .0000000 100.0000    0  1.01736    6.707
101BUS- 156                   .0000000 15.00000 75.00000 50.00000 .0000000 .0000000 100.0000    0  0.96263    5.100
101BUS- 157                   .0000000 .0000000 123.5000 -24.3000 .0000000 .0000000 100.0000    0  0.98375  -11.978
101BUS- 158                   .0000000 .0000000 .0000000 .0000000 .0000000 .0000000 100.0000    0  0.99799  -11.453
101BUS- 159                   .0000000 .0000000 33.00000 16.50000 .0000000 .0000000 100.0000    0  0.98591   -9.868
101BUS- 160                   .0000000 .0000000 .0000000 .0000000 .0000000 .0000000 100.0000    0  0.99912  -12.604
101BUS- 161                   .0000000 .0000000 35.00000 15.00000 .0000000 .0000000 100.0000    0  1.03562    8.804
101BUS- 162                   .0000000 .0000000 85.00000 24.00000 .0000000 .0000000 100.0000    0  0.99166   18.457
101BUS- 163                   .0000000 .0000000 .0000000 .4000000 .0000000 .0000000 100.0000    0  1.04163    2.861
101BUS- 164                   .0000000 .0000000 .0000000 .0000000 .0000000 -212.000 100.0000    0  0.98400    9.616
101BUS- 165                   .0000000 .0000000 .0000000 .0000000 .0000000 .0000000 100.0000    0  0.99988   26.270
101BUS- 166                   .0000000 .0000000 .0000000 .0000000 .0000000 -103.000 100.0000    0  0.99685   30.184
101BUS- 167                   .0000000 .0000000 299.9000 95.70000 .0000000 .0000000 100.0000    0  0.97077   -6.951
101BUS- 168                   .0000000 .0000000 .0000000 .0000000 .0000000 .0000000 100.0000    0  1.00177   -4.842
101BUS- 169                   .0000000 .0000000 .0000000 .0000000 .0000000 .0000000 100.0000    0  0.98719   -6.722
101BUS- 170                   205.0000 89.46677 481.8000 205.0000 .0000000 .0000000 100.0000    0  0.92800    0.054
101BUS- 171                   .0000000 147.6154 763.6000 291.1000 .0000000 .0000000 100.0000    0  0.98200   -9.985
101BUS- 172                   .0000000 .0000000 26.50000 .0000000 .0000000 .0000000 100.0000    0  1.02398   -6.271
101BUS- 173                   .0000000 .0000000 163.5000 43.00000 .0000000 53.00000 100.0000    0  0.98271  -12.812
101BUS- 174                   .0000000 .0000000 .0000000 .0000000 .0000000 .0000000 100.0000    0  1.06201   -2.738
101BUS- 175                   .0000000 .0000000 176.0000 83.00000 .0000000 .0000000 100.0000    0  0.97125   -7.249
101BUS- 176                   228.0000 40.94115 5.000000 4.000000 .0000000 .0000000 100.0000    0  1.05200    4.619
101BUS- 177                   84.00000 34.52934 28.00000 12.00000 .0000000 .0000000 100.0000    0  1.00700    0.578
101BUS- 178                   .0000000 .0000000 427.4000 173.6000 .0000000 .0000000 100.0000    0  0.93896   -6.614
101BUS- 179                   .0000000 .0000000 74.00000 29.00000 .0000000 45.00000 100.0000    0  0.96871   -9.416
101BUS- 180                   .0000000 .0000000 69.50000 49.30000 .0000000 .0000000 100.0000    0  0.97856   -3.136
101BUS- 181                   .0000000 .0000000 73.40000 .0000000 .0000000 .0000000 100.0000    0  1.05171   -1.369
101BUS- 182                   .0000000 .0000000 240.7000 89.00000 .0000000 .0000000 100.0000    0  1.04422   -4.231
101BUS- 183                   .0000000 .0000000 40.00000 4.000000 .0000000 .0000000 100.0000    0  0.97117    7.082
101BUS- 184                   .0000000 .0000000 136.8000 16.60000 .0000000 .0000000 100.0000    0  1.03828   -6.895
101BUS- 185                   200.0000 33.73644 .0000000 .0000000 .0000000 .0000000 100.0000    0  1.05200   -4.380
101BUS- 186                   1200.000 239.7583 59.80000 24.30000 .0000000 .0000000 100.0000    0  1.06500    2.128
101BUS- 187                   1200.000 281.0196 59.80000 24.30000 .0000000 .0000000 100.0000    0  1.06500    1.353
101BUS- 188                   .0000000 .0000000 182.6000 43.60000 .0000000 .0000000 100.0000    0  1.05319   -0.767
101BUS- 189                   .0000000 .0000000 7.000000 2.000000 .0000000 .0000000 100.0000    0  0.99764  -25.895
101BUS- 190                   475.0000 -80.7383 .0000000 .0000000 .0000000 -150.000 100.0000    0  1.05500  -20.667
101BUS- 191                   1973.000 694.8475 489.0000 53.00000 .0000000 .0000000 100.0000    0  1.04300   12.267
101BUS- 192                   .0000000 .0000000 800.0000 72.00000 .0000000 .0000000 100.0000    0  0.93635  -11.203
101BUS- 193                   .0000000 .0000000 .0000000 .0000000 .0000000 .0000000 100.0000    0  0.98988  -26.142
101BUS- 194                   .0000000 .0000000 .0000000 .0000000 .0000000 .0000000 100.0000    0  1.04899  -19.264
101BUS- 195                   .0000000 .0000000 .0000000 .0000000 .0000000 .0000000 100.0000    0  1.03583  -20.840
101BUS- 196                   .0000000 .0000000 10.00000 3.000000 .0000000 .0000000 100.0000    0  0.96939  -25.370
101BUS- 197                   .0000000 .0000000 43.00000 14.00000 .0000000 .0000000 100.0000    0  0.99066  -23.768
101BUS- 198                   424.0000 101.0439 64.00000 21.00000 .0000000 .0000000 100.0000    0  1.01500  -20.635
101BUS- 199                   .0000000 .0000000 35.00000 12.00000 .0000000 .0000000 100.0000    0  0.95282  -26.097
101BUS- 200                   .0000000 .0000000 27.00000 12.00000 .0000000 .0000000 100.0000    0  0.95506  -25.986
101BUS- 201                   .0000000 .0000000 41.00000 14.00000 .0000000 .0000000 100.0000    0  0.96941  -27.538
101BUS- 202                   .0000000 .0000000 38.00000 13.00000 .0000000 .0000000 100.0000    0  0.99087  -25.382
101BUS- 203                   .0000000 .0000000 42.00000 14.00000 .0000000 .0000000 100.0000    0  1.00334  -22.402
101BUS- 204                   .0000000 .0000000 72.00000 24.00000 .0000000 .0000000 100.0000    0  0.97226  -25.758
101BUS- 205                   .0000000 .0000000 .0000000 -5.00000 .0000000 .0000000 100.0000    0  0.98410  -26.120
101BUS- 206                   .0000000 .0000000 12.00000 2.000000 .0000000 .0000000 100.0000    0  0.99930  -27.462
101BUS- 207                   .0000000 .0000000 -21.0000 -14.2000 .0000000 .0000000 100.0000    0  1.01383  -27.493
101BUS- 208                   .0000000 .0000000 7.000000 2.000000 .0000000 .0000000 100.0000    0  0.99300  -26.327
101BUS- 209                   .0000000 .0000000 38.00000 13.00000 .0000000 .0000000 100.0000    0  1.00001  -25.705
101BUS- 210                   .0000000 .0000000 .0000000 .0000000 .0000000 .0000000 100.0000    0  0.97879  -24.272
101BUS- 211                   .0000000 .0000000 96.00000 7.000000 .0000000 .0000000 100.0000    0  1.00167  -23.365
101BUS- 212                   .0000000 .0000000 .0000000 .0000000 .0000000 .0000000 100.0000    0  1.01322  -22.559
101BUS- 213                   272.0000 44.01814 .0000000 .0000000 .0000000 .0000000 100.0000    0  1.01000  -11.726
101BUS- 214                   .0000000 .0000000 22.00000 16.00000 .0000000 .0000000 100.0000    0  0.99189  -17.585
101BUS- 215                   .0000000 .0000000 47.00000 26.00000 .0000000 .0000000 100.0000    0  0.98669  -20.285
101BUS- 216                   .0000000 .0000000 176.0000 105.0000 .0000000 .0000000 100.0000    0  0.97524  -22.581
101BUS- 217                   .0000000 .0000000 100.0000 75.00000 .0000000 .0000000 100.0000    0  1.02168  -22.250
101BUS- 218                   .0000000 .0000000 131.0000 96.00000 .0000000 .0000000 100.0000    0  1.00775  -22.679
101BUS- 219                   .0000000 .0000000 .0000000 .0000000 .0000000 .0000000 100.0000    0  1.05563  -21.200
101BUS- 220                   100.0000 34.93129 285.0000 100.0000 .0000000 .0000000 100.0000    0  1.00800  -21.777
101BUS- 221                   450.0000 152.4906 171.0000 70.00000 .0000000 .0000000 100.0000    0  1.00000  -22.541
101BUS- 222                   250.0000 179.0540 328.0000 188.0000 .0000000 .0000000 100.0000    0  1.05000  -23.217
101BUS- 223                   .0000000 .0000000 428.0000 232.0000 .0000000 .0000000 100.0000    0  0.99665  -22.753
101BUS- 224                   .0000000 .0000000 173.0000 99.00000 .0000000 .0000000 100.0000    0  0.99834  -21.597
101BUS- 225                   .0000000 .0000000 410.0000 40.00000 .0000000 .0000000 100.0000    0  0.94411  -11.366
101BUS- 226                   .0000000 .0000000 .0000000 .0000000 .0000000 .0000000 100.0000    0  1.01667  -21.659
101BUS- 227                   303.0000 271.8580 538.0000 369.0000 .0000000 .0000000 100.0000    0  1.00000  -27.268
101BUS- 228                   .0000000 .0000000 223.0000 148.0000 .0000000 .0000000 100.0000    0  1.04230  -20.990
101BUS- 229                   .0000000 .0000000 96.00000 46.00000 .0000000 .0000000 100.0000    0  1.04951  -19.994
101BUS- 230                   345.0000 42.67424 .0000000 .0000000 .0000000 .0000000 100.0000    0  1.04000  -13.873
101BUS- 231                   .0000000 .0000000 159.0000 107.0000 .0000000 -300.000 100.0000    0  1.05373  -21.273
101BUS- 232                   .0000000 .0000000 448.0000 143.0000 .0000000 .0000000 100.0000    0  1.04163  -23.247
101BUS- 233                   300.0000 132.1899 404.0000 212.0000 .0000000 .0000000 100.0000    0  1.00000  -25.948
101BUS- 234                   .0000000 .0000000 572.0000 244.0000 .0000000 .0000000 100.0000    0  1.03857  -20.945
101BUS- 235                   .0000000 .0000000 269.0000 157.0000 .0000000 .0000000 100.0000    0  1.00951  -21.080
101BUS- 236                   600.0000 297.7480 .0000000 .0000000 .0000000 .0000000 100.0000    0  1.01600  -15.445
101BUS- 237                   .0000000 .0000000 .0000000 .0000000 .0000000 .0000000 100.0000    0  1.05611  -21.151
101BUS- 238                   250.0000 164.5516 255.0000 149.0000 .0000000 -150.000 100.0000    0  1.01000  -20.992
101BUS- 239                   550.0000 68.38400 .0000000 .0000000 .0000000 .0000000 100.0000    0  1.00000  -15.913
101BUS- 240                   .0000000 .0000000 .0000000 .0000000 .0000000 -140.000 100.0000    0  1.02368  -20.184
101BUS- 241                   575.4300 -37.1852 .0000000 .0000000 .0000000 .0000000 100.0000    0  1.05000  -16.558
101BUS- 242                   170.0000 52.01886 .0000000 .0000000 .0000000 .0000000 100.0000    0  0.99300  -17.580
101BUS- 243                   84.00000 52.32667 8.000000 3.000000 .0000000 .0000000 100.0000    0  1.01000  -19.325
101BUS- 244                   .0000000 .0000000 .0000000 .0000000 .0000000 .0000000 100.0000    0  0.99214  -20.264
101BUS- 245                   .0000000 .0000000 61.00000 30.00000 .0000000 .0000000 100.0000    0  0.97108  -20.948
101BUS- 246                   .0000000 .0000000 77.00000 33.00000 .0000000 .0000000 100.0000    0  0.96510  -21.793
101BUS- 247                   .0000000 .0000000 61.00000 30.00000 .0000000 .0000000 100.0000    0  0.96886  -21.719
101BUS- 248                   .0000000 .0000000 29.00000 14.00000 .0000000 45.60000 100.0000    0  0.97602  -25.280
101BUS- 249                   .0000000 .0000000 29.00000 14.00000 .0000000 .0000000 100.0000    0  0.97524  -25.704
101BUS- 250                   .0000000 .0000000 -23.0000 -17.0000 .0000000 .0000000 100.0000    0  1.01959  -23.846
101BUS- 281                   .0000000 .0000000 -33.1000 -29.4000 .0000000 .0000000 100.0000    0  1.02503  -20.111
101BUS- 319                   .0000000 .0000000 115.8000 -24.0000 .0000000 .0000000 100.0000    0  1.01488    1.445
101BUS- 320                   .0000000 .0000000 2.400000 -12.6000 .0000000 .0000000 100.0000    0  1.01393   -2.270
101BUS- 322                   .0000000 .0000000 2.400000 -3.90000 .0000000 .0000000 100.0000    0  1.00045  -17.661
101BUS- 323                   .0000000 .0000000 -14.9000 26.50000 .0000000 .0000000 100.0000    0  0.98088  -13.731
101BUS- 324                   .0000000 .0000000 24.70000 -1.20000 .0000000 .0000000 100.0000    0  0.97494  -23.463
101BUS- 526                   .0000000 .0000000 145.3000 -34.9000 .0000000 .0000000 100.0000    0  0.94188  -34.404
101BUS- 528                   .0000000 .0000000 28.10000 -20.5000 .0000000 .0000000 100.0000    0  0.97206  -37.632
101BUS- 531                   .0000000 .0000000 14.00000 2.500000 .0000000 .0000000 100.0000    0  0.96024  -29.153
101BUS- 552                   .0000000 .0000000 -11.1000 -1.40000 .0000000 .0000000 100.0000    0  1.00075  -23.411
101BUS- 562                   .0000000 .0000000 50.50000 17.40000 .0000000 .0000000 100.0000    0  0.97741  -28.053
101BUS- 609                   .0000000 .0000000 29.60000 .6000000 .0000000 .0000000 100.0000    0  0.95815  -28.842
101BUS- 664                   .0000000 .0000000 -113.700 76.70000 .0000000 .0000000 100.0000    0  1.03104  -17.052
101BUS-1190                   .0000000 .0000000 100.3100 29.17000 .0000000 .0000000 100.0000    0  1.01238    3.873
101BUS-1200                   .0000000 .0000000 -100.000 34.17000 .0000000 .0000000 100.0000    0  1.02373   -7.569
101BUS-1201                   .0000000 .0000000 .0000000 .0000000 .0000000 .0000000 100.0000    0  1.01166  -15.231
101BUS-2040                   .0000000 .0000000 .0000000 .0000000 .0000000 .0000000 100.0000    0  0.96517  -14.993
101BUS-7001                   467.0000 139.5249 .0000000 .0000000 .0000000 .0000000 100.0000    0  1.05000   10.775
101BUS-7002                   623.0000 93.30469 .0000000 .0000000 .0000000 .0000000 100.0000    0  1.05000   12.470
101BUS-7003                   1210.000 420.0000 .0000000 .0000000 .0000000 .0000000 100.0000    0  1.03165   13.743
101BUS-7011                   234.0000 52.16796 .0000000 .0000000 .0000000 .0000000 100.0000    0  1.01400    4.966
101BUS-7012                   372.0000 199.8853 .0000000 .0000000 .0000000 .0000000 100.0000    0  1.05000   11.557
101BUS-7017                   330.0000 347.8578 .0000000 .0000000 .0000000 .0000000 100.0000    0  1.05000  -10.509
101BUS-7023                   185.0000 5.939877 .0000000 .0000000 .0000000 .0000000 100.0000    0  1.05000    6.123
101BUS-7024                   410.0000 107.8428 .0000000 .0000000 .0000000 .0000000 100.0000    0  1.02900   12.571
101BUS-7039                   500.0000 154.6207 .0000000 .0000000 .0000000 .0000000 100.0000    0  1.05000    2.076
101BUS-7044                   37.00000 41.53119 .0000000 .0000000 .0000000 .0000000 100.0000    0  1.01400  -13.957
101BUS-7049                   457.2568 38.46978 .0000000 .0000000 .0000000 .0000000 100.0000    0  1.05000    0.000
101BUS-7055                   45.00000 24.93610 .0000000 .0000000 .0000000 .0000000 100.0000    0  0.99600   -7.532
101BUS-7057                   165.0000 90.00000 .0000000 .0000000 .0000000 .0000000 100.0000    0  1.02071   -3.475
101BUS-7061                   400.0000 120.9591 .0000000 .0000000 .0000000 .0000000 100.0000    0  1.01400    1.939
101BUS-7062                   400.0000 149.7095 .0000000 .0000000 .0000000 .0000000 100.0000    0  1.00100    5.772
101BUS-7071                   116.0000 86.90397 .0000000 .0000000 .0000000 .0000000 100.0000    0  0.98900  -25.397
101BUS-7130                   1292.000 324.8549 .0000000 .0000000 .0000000 .0000000 100.0000    0  1.05000   19.019
101BUS-7139                   700.0000 282.7437 .0000000 .0000000 .0000000 .0000000 100.0000    0  1.05000    2.711
101BUS-7166                   553.0000 136.2757 .0000000 .0000000 .0000000 .0000000 100.0000    0  1.01400   35.017
101BUS-9001                   .0000000 .0000000 .0000000 .0000000 .0000000 .0000000 100.0000    0  1.01131  -11.284
101BUS-9002                   -4.20000 2.000000 .0000000 .0000000 .0000000 .0000000 100.0000    0  0.99400  -18.900
101BUS-9003                   .0000000 .0000000 2.710000 .9400000 140.0000 2.400000 100.0000    0  0.98278  -19.731
101BUS-9004                   .0000000 .0000000 .8600000 .2800000 .0000000 .0000000 100.0000    0  0.97626  -19.868
101BUS-9005                   .0000000 .0000000 .0000000 .0000000 .0000000 .0000000 100.0000    0  1.01127  -11.358
101BUS-9006                   .0000000 .0000000 .0000000 .0000000 .0000000 .0000000 100.0000    0  1.00239  -17.468
101BUS-9007                   .0000000 .0000000 .0000000 .0000000 .0000000 .0000000 100.0000    0  0.99084  -18.730
101BUS-9012                   .0000000 .0000000 .0000000 .0000000 .0000000 .0000000 100.0000    0  1.00179  -17.308
101BUS-9021                   .0000000 .0000000 4.750000 1.560000 .0000000 .0000000 100.0000    0  0.98822  -19.121
101BUS-9022                   .0000000 .0000000 1.530000 .5300000 80.00000 .0000000 100.0000    0  0.96437  -21.696
101BUS-9023                   .0000000 .0000000 .0000000 .0000000 .0000000 .0000000 100.0000    0  0.97419  -19.431
101BUS-9024                   .0000000 .0000000 1.350000 .4700000 70.00000 .0000000 100.0000    0  0.96999  -21.469
101BUS-9025                   .0000000 .0000000 .4500000 .1600000 20.00000 .0000000 100.0000    0  0.96424  -20.493
101BUS-9026                   .0000000 .0000000 .4500000 .1600000 20.00000 .0000000 100.0000    0  0.96509  -20.404
101BUS-9031                   .0000000 .0000000 1.840000 .6400000 100.0000 .0000000 100.0000    0  0.93115  -25.080
101BUS-9032                   .0000000 .0000000 1.390000 .4800000 70.00000 .0000000 100.0000    0  0.94349  -23.890
101BUS-9033                   .0000000 .0000000 1.890000 .6500000 100.0000 .0000000 100.0000    0  0.92820  -25.396
101BUS-9034                   .0000000 .0000000 1.550000 .5400000 80.00000 1.720000 100.0000    0  0.99666  -21.146
101BUS-9035                   .0000000 .0000000 1.660000 .5800000 90.00000 .0000000 100.0000    0  0.94984  -23.234
101BUS-9036                   .0000000 .0000000 3.030000 1.000000 .0000000 .0000000 100.0000    0  0.95913  -22.719
101BUS-9037                   .0000000 .0000000 1.860000 .6400000 100.0000 .0000000 100.0000    0  0.95645  -22.640
101BUS-9038                   .0000000 .0000000 2.580000 .8900000 140.0000 .0000000 100.0000    0  0.93857  -24.474
101BUS-9041                   .0000000 .0000000 1.010000 .3500000 50.00000 .0000000 100.0000    0  0.96298  -21.371
101BUS-9042                   .0000000 .0000000 .8100000 .2800000 40.00000 .0000000 100.0000    0  0.94969  -22.537
101BUS-9043                   .0000000 .0000000 1.600000 .5200000 .0000000 .0000000 100.0000    0  0.96411  -21.474
101BUS-9044                   .0000000 .0000000 .0000000 .0000000 .0000000 .0000000 100.0000    0  0.97845  -19.828
101BUS-9051                   -35.8100 12.31231 .0000000 .0000000 .0000000 .0000000 100.0000    0  1.00000  -19.436
101BUS-9052                   .0000000 .0000000 30.00000 23.00000 .0000000 .0000000 100.0000    0  0.97810  -17.289
101BUS-9053                   -26.4800 11.28068 .0000000 .0000000 .0000000 .0000000 100.0000    0  1.00000  -17.722
101BUS-9054                   50.00000 22.28419 .0000000 .0000000 .0000000 .0000000 100.0000    0  1.00000   -6.860
101BUS-9055                   8.000000 4.125361 .0000000 .0000000 .0000000 .0000000 100.0000    0  1.00000   -7.571
101BUS-9071                   .0000000 .0000000 1.020000 .3500000 50.00000 .0000000 100.0000    0  0.97487  -20.517
101BUS-9072                   .0000000 .0000000 1.020000 .3500000 50.00000 .0000000 100.0000    0  0.97991  -19.963
101BUS-9121                   .0000000 .0000000 3.800000 1.250000 .0000000 .0000000 100.0000    0  0.97938  -19.334
101BUS-9533                   .0000000 .0000000 1.190000 .4100000 100.0000 .0000000 100.0000    0  1.04052  -18.236
 
5  BUS-   8          -10.0000 10.00000 .0000000 101.5000 1
5  BUS-  10          -20.0000 20.00000 .0000000 102.0000 1
5  BUS-  20          -20.0000 20.00000 .0000000 100.1000 1
5  BUS-  63          -25.0000 25.00000 .0000000 95.80000 1
5  BUS-  76          12.00000 35.00000 .0000000 96.30000 1
5  BUS-  84          -240.000 240.0000 .0000000 102.5000 1
5  BUS-  91          -11.0000 96.00000 .0000000 105.2000 1
5  BUS-  92          -153.000 153.0000 .0000000 105.2000 1
5  BUS-  98          -30.0000 56.00000 .0000000 100.0000 1
5  BUS- 108          -24.0000 77.00000 .0000000 99.00000 1
5  BUS- 119          -500.000 1500.000 .0000000 104.3000 1
5  BUS- 124          -60.0000 120.0000 .0000000 102.3000 1
5  BUS- 125          -25.0000 200.0000 .0000000 101.0000 1
5  BUS- 138          -125.000 350.0000 .0000000 105.5000 1
5  BUS- 141          -50.0000 75.00000 .0000000 105.1000 1
5  BUS- 143          -100.000 300.0000 .0000000 104.3000 1
5  BUS- 146          -15.0000 35.00000 .0000000 105.2000 1
5  BUS- 147          -50.0000 100.0000 .0000000 105.2000 1
5  BUS- 149          -25.0000 50.00000 .0000000 107.3000 1
5  BUS- 152          -50.0000 175.0000 .0000000 105.3000 1
5  BUS- 153          -50.0000 90.00000 .0000000 104.3000 1
5  BUS- 156          -10.0000 15.00000 .0000000 96.30000 1
5  BUS- 170          -40.0000 90.00000 .0000000 92.80000 1
5  BUS- 171          -50.0000 150.0000 .0000000 98.20000 1
5  BUS- 176          -45.0000 90.00000 .0000000 105.2000 1
5  BUS- 177          -15.0000 35.00000 .0000000 100.7000 1
5  BUS- 185          -50.0000 80.00000 .0000000 105.2000 1
5  BUS- 186          -100.000 400.0000 .0000000 106.5000 1
5  BUS- 187          -100.000 400.0000 .0000000 106.5000 1
5  BUS- 190          -300.000 300.0000 .0000000 105.5000 1
5  BUS- 191          -1000.00 1000.000 .0000000 104.3000 1
5  BUS- 198          -260.000 260.0000 .0000000 101.5000 1
5  BUS- 213          -150.000 150.0000 .0000000 101.0000 1
5  BUS- 220          -60.0000 60.00000 .0000000 100.8000 1
5  BUS- 221          -320.000 320.0000 .0000000 100.0000 1
5  BUS- 222          -300.000 300.0000 .0000000 105.0000 1
5  BUS- 227          -300.000 300.0000 .0000000 100.0000 1
5  BUS- 230          -250.000 250.0000 .0000000 104.0000 1
5  BUS- 233          -500.000 500.0000 .0000000 100.0000 1
5  BUS- 236          -300.000 300.0000 .0000000 101.6000 1
5  BUS- 238          -200.000 200.0000 .0000000 101.0000 1
5  BUS- 239          -400.000 400.0000 .0000000 100.0000 1
5  BUS- 241          -600.000 600.0000 .0000000 105.0000 1
5  BUS- 242          40.00000 100.0000 .0000000 99.30000 1
5  BUS- 243          40.00000 80.00000 .0000000 101.0000 1
5  BUS-7001          -210.000 210.0000 .0000000 105.0000 1
5  BUS-7002          -280.000 280.0000 .0000000 105.0000 1
5  BUS-7003          -420.000 420.0000 .0000000 103.2000 1
5  BUS-7011          -100.000 100.0000 .0000000 101.4000 1
5  BUS-7012          -224.000 224.0000 .0000000 105.0000 1
5  BUS-7017          .0000000 350.0000 .0000000 105.0000 1
5  BUS-7023          .0000000 120.0000 .0000000 105.0000 1
5  BUS-7024          -224.000 224.0000 .0000000 102.9000 1
5  BUS-7039          -200.000 200.0000 .0000000 105.0000 1
5  BUS-7044          .0000000 42.00000 .0000000 101.4000 1
5  BUS-7049                            .0000000 105.0000 3
5  BUS-7055          .0000000 25.00000 .0000000 99.60000 1
5  BUS-7057          -90.0000 90.00000 .0000000 102.1000 1
5  BUS-7061          -150.000 150.0000 .0000000 101.4000 1
5  BUS-7062          .0000000 150.0000 .0000000 100.1000 1
5  BUS-7071          .0000000 87.00000 .0000000 98.90000 1
5  BUS-7130          -100.000 600.0000 .0000000 105.0000 1
5  BUS-7139          -125.000 325.0000 .0000000 105.0000 1
5  BUS-7166          -200.000 300.0000 .0000000 101.4000 1
5  BUS-9002          -2.00000 2.000000 .0000000 99.40000 1
5  BUS-9051          -17.3500 17.35000 .0000000 100.0000 1
5  BUS-9053          -12.8000 12.83000 .0000000 100.0000 1
5  BUS-9054          -38.0000 38.00000 .0000000 100.0000 1
5  BUS-9055          -6.00000 6.000000 .0000000 100.0000 1
 
30BUS-9005 BUS-90011 .0008000 .0034800 .0000000 .0000000 100.0000  0
30BUS-9007 BUS-90061 .0555800 .2466600 .0000000 .0000000 100.0000  0
30BUS-9003 BUS-90061 .1111800 .4933200 .0000000 .0000000 100.0000  0
30BUS-9003 BUS-90062 .1111800 .4933200 .0000000 .0000000 100.0000  0
30BUS-9002 BUS-90121 .0762200 .4328600 .0000000 .0000000 100.0000  0
30BUS-9002 BUS-90122 .0762200 .4328600 .0000000 .0000000 100.0000  0
30BUS-9021 BUS-90021 .0537000 .0702600 .0000000 .0000000 100.0000  0
30BUS-9023 BUS-90211 1.106800 .9527800 .0000000 .0000000 100.0000  0
30BUS-9003 BUS-90071 .0558000 .2466600 .0000000 .0000000 100.0000  0
30BUS-9044 BUS-90031 .0737800 .0635200 .0000000 .0000000 100.0000  0
30BUS-9004 BUS-90441 .0383200 .0289400 .0000000 .0000000 100.0000  0
30BUS-9121 BUS-90121 .2355200 .9903600 .0000000 .0000000 100.0000  0
30BUS-   5 BUS-   11 .0010000 .0060000 .0000000 .0000000 100.0000  0
30BUS-   6 BUS-   21 .0010000 .0090000 .0000000 .0000000 100.0000  0
30BUS-   8 BUS-   21 .0060000 .0270000 .0000000 .0270000 100.0000  0
30BUS-   7 BUS-   31 .0000000 .0030000 .0000000 .0000000 100.0000  0
30BUS-  19 BUS-   31 .0080000 .0690000 .0000000 .0695000 100.0000  0
30BUS- 150 BUS-   31 .0010000 .0070000 .0000000 .0000000 100.0000  0
30BUS-  16 BUS-   41 .0020000 .0190000 .0000000 .5635000 100.0000  0
30BUS-   9 BUS-   51 .0060000 .0290000 .0000000 .0090000 100.0000  0
30BUS-  12 BUS-   71 .0010000 .0090000 .0000000 .0350000 100.0000  0
30BUS- 131 BUS-   71 .0010000 .0070000 .0000000 .0070000 100.0000  0
30BUS-  11 BUS-   81 .0130000 .0595000 .0000000 .0165000 100.0000  0
30BUS-  14 BUS-   81 .0130000 .0420000 .0000000 .0405000 100.0000  0
30BUS-  11 BUS-   91 .0060000 .0270000 .0000000 .0065000 100.0000  0
30BUS-  13 BUS-  111 .0080000 .0340000 .0000000 .0090000 100.0000  0
30BUS-  21 BUS-  121 .0020000 .0150000 .0000000 .0590000 100.0000  0
30BUS-  20 BUS-  131 .0060000 .0340000 .0000000 .0080000 100.0000  0
30BUS-  15 BUS-  141 .0140000 .0420000 .0000000 .0485000 100.0000  0
30BUS-  37 BUS-  151 .0650000 .2480000 .0000000 .0605000 100.0000  0
30BUS-  89 BUS-  151 .0990000 .2480000 .0000000 .0175000 100.0000  0
30BUS-  90 BUS-  151 .0960000 .3630000 .0000000 .0240000 100.0000  0
30BUS-  42 BUS-  161 .0020000 .0220000 .0000000 .6400000 100.0000  0
30BUS-  21 BUS-  191 .0020000 .0180000 .0000000 .0180000 100.0000  0
30BUS-  87 BUS-  191 .0130000 .0800000 .0000000 .0755000 100.0000  0
30BUS-  22 BUS-  201 .0160000 .0330000 .0000000 .0075000 100.0000  0
30BUS-  27 BUS-  201 .0690000 .1860000 .0000000 .0490000 100.0000  0
30BUS-  24 BUS-  211 .0040000 .0340000 .0000000 .1400000 100.0000  0
30BUS-  23 BUS-  221 .0520000 .1110000 .0000000 .0250000 100.0000  0
30BUS-  25 BUS-  231 .0190000 .0390000 .0000000 .0090000 100.0000  0
30BUS- 319 BUS-  241 .0070000 .0680000 .0000000 .0670000 100.0000  0
30BUS-  26 BUS-  251 .0360000 .0710000 .0000000 .0170000 100.0000  0
30BUS-  27 BUS-  261 .0450000 .1200000 .0000000 .0325000 100.0000  0
30BUS- 320 BUS-  261 .0430000 .1300000 .0000000 .0070000 100.0000  0
30BUS-  34 BUS-  331 .0000000 .0630000 .0000000 .0000000 100.0000  0
30BUS-  38 BUS-  331 .0025000 .0120000 .0000000 .0065000 100.0000  0
30BUS-  40 BUS-  331 .0060000 .0290000 .0000000 .0100000 100.0000  0
30BUS-  41 BUS-  331 .0070000 .0430000 .0000000 .0130000 100.0000  0
30BUS-  42 BUS-  341 .0010000 .0080000 .0000000 .0210000 100.0000  0
30BUS-  72 BUS-  351 .0120000 .0600000 .0000000 .0040000 100.0000  0
30BUS-  76 BUS-  351 .0060000 .0140000 .0000000 .0010000 100.0000  0
30BUS-  77 BUS-  351 .0100000 .0290000 .0000000 .0015000 100.0000  0
30BUS-  88 BUS-  361 .0040000 .0270000 .0000000 .0215000 100.0000  0
30BUS-  38 BUS-  371 .0080000 .0470000 .0000000 .0040000 100.0000  0
30BUS-  40 BUS-  371 .0220000 .0640000 .0000000 .0035000 100.0000  0
30BUS-  41 BUS-  371 .0100000 .0360000 .0000000 .0100000 100.0000  0
30BUS-  49 BUS-  371 .0170000 .0810000 .0000000 .0240000 100.0000  0
30BUS-  89 BUS-  371 .1020000 .2540000 .0000000 .0165000 100.0000  0
30BUS-  90 BUS-  371 .0470000 .1270000 .0000000 .0080000 100.0000  0
30BUS-  41 BUS-  381 .0080000 .0370000 .0000000 .0100000 100.0000  0
30BUS-  43 BUS-  381 .0320000 .0870000 .0000000 .0200000 100.0000  0
30BUS-  42 BUS-  391 .0006000 .0064000 .0000000 .2020000 100.0000  0
30BUS-  48 BUS-  401 .0260000 .1540000 .0000000 .0110000 100.0000  0
30BUS-  42 BUS-  411 .0000000 .0290000 .0000000 .0000000 100.0000  0
30BUS-  49 BUS-  411 .0650000 .1910000 .0000000 .0100000 100.0000  0
30BUS-  51 BUS-  411 .0310000 .0890000 .0000000 .0180000 100.0000  0
30BUS-  46 BUS-  421 .0020000 .0140000 .0000000 .4030000 100.0000  0
30BUS-  44 BUS-  431 .0260000 .0720000 .0000000 .0175000 100.0000  0
30BUS-  48 BUS-  431 .0950000 .2620000 .0000000 .0160000 100.0000  0
30BUS-  53 BUS-  431 .0130000 .0390000 .0000000 .0080000 100.0000  0
30BUS-  47 BUS-  441 .0270000 .0840000 .0000000 .0195000 100.0000  0
30BUS-  54 BUS-  441 .0280000 .0840000 .0000000 .0185000 100.0000  0
30BUS-  60 BUS-  451 .0070000 .0410000 .0000000 .1560000 100.0000  0
30BUS-  74 BUS-  451 .0090000 .0540000 .0000000 .2055000 100.0000  0
30BUS-  81 BUS-  461 .0050000 .0420000 .0000000 .3450000 100.0000  0
30BUS-  73 BUS-  471 .0520000 .1450000 .0000000 .0365000 100.0000  0
30BUS- 113 BUS-  471 .0430000 .1180000 .0000000 .0065000 100.0000  0
30BUS- 107 BUS-  481 .0250000 .0620000 .0000000 .0035000 100.0000  0
30BUS-  51 BUS-  491 .0310000 .0940000 .0000000 .0215000 100.0000  0
30BUS-  52 BUS-  511 .0370000 .1090000 .0000000 .0245000 100.0000  0
30BUS-  55 BUS-  521 .0270000 .0800000 .0000000 .0180000 100.0000  0
30BUS-  54 BUS-  531 .0250000 .0730000 .0000000 .0175000 100.0000  0
30BUS-  55 BUS-  541 .0350000 .1030000 .0000000 .0235000 100.0000  0
30BUS-  57 BUS-  551 .0650000 .1690000 .0000000 .0410000 100.0000  0
30BUS-  58 BUS-  571 .0460000 .0800000 .0000000 .0180000 100.0000  0
30BUS-  63 BUS-  571 .1590000 .5370000 .0000000 .0355000 100.0000  0
30BUS-  59 BUS-  581 .0090000 .0260000 .0000000 .0025000 100.0000  0
30BUS-  61 BUS-  591 .0020000 .0130000 .0000000 .0075000 100.0000  0
30BUS-  62 BUS-  601 .0090000 .0650000 .0000000 .2425000 100.0000  0
30BUS-  64 BUS-  621 .0160000 .1050000 .0000000 .1015000 100.0000  0
30BUS- 144 BUS-  621 .0010000 .0070000 .0000000 .0065000 100.0000  0
30BUS- 526 BUS-  631 .0265000 .1720000 .0000000 .0130000 100.0000  0
30BUS- 211 BUS-  691 .0510000 .2320000 .0000000 .0140000 100.0000  0
30BUS-  79 BUS-  691 .0510000 .1570000 .0000000 .0115000 100.0000  0
30BUS-  71 BUS-  701 .0320000 .1000000 .0000000 .0310000 100.0000  0
30BUS- 528 BUS-  701 .0200000 .1234000 .0000000 .0140000 100.0000  0
30BUS-  72 BUS-  711 .0360000 .1310000 .0000000 .0340000 100.0000  0
30BUS-  73 BUS-  711 .0340000 .0990000 .0000000 .0235000 100.0000  0
30BUS-  77 BUS-  721 .0180000 .0870000 .0000000 .0055000 100.0000  0
30BUS- 531 BUS-  721 .0256000 .1930000 .0000000 .0000000 100.0000  0
30BUS-  76 BUS-  731 .0210000 .0570000 .0000000 .0150000 100.0000  0
30BUS-  79 BUS-  731 .0180000 .0520000 .0000000 .0090000 100.0000  0
30BUS-  88 BUS-  741 .0040000 .0270000 .0000000 .0250000 100.0000  0
30BUS- 562 BUS-  741 .0286000 .2013000 .0000000 .1895000 100.0000  0
30BUS-  77 BUS-  761 .0160000 .0430000 .0000000 .0020000 100.0000  0
30BUS-  78 BUS-  771 .0010000 .0060000 .0000000 .0035000 100.0000  0
30BUS-  80 BUS-  771 .0140000 .0700000 .0000000 .0190000 100.0000  0
30BUS- 552 BUS-  771 .0891000 .2676000 .0000000 .0145000 100.0000  0
30BUS- 609 BUS-  771 .0782000 .2127000 .0000000 .0110000 100.0000  0
30BUS-  79 BUS-  781 .0060000 .0220000 .0000000 .0055000 100.0000  0
30BUS-  84 BUS-  781 .0000000 .0360000 .0000000 .0000000 100.0000  0
30BUS- 211 BUS-  791 .0990000 .3750000 .0000000 .0255000 100.0000  0
30BUS- 211 BUS-  801 .0220000 .1070000 .0000000 .0290000 100.0000  0
30BUS- 194 BUS-  811 .0035000 .0330000 .0000000 .2650000 100.0000  0
30BUS- 195 BUS-  811 .0035000 .0330000 .0000000 .2650000 100.0000  0
30BUS-  86 BUS-  851 .0080000 .0640000 .0000000 .0640000 100.0000  0
30BUS-  87 BUS-  861 .0120000 .0930000 .0000000 .0915000 100.0000  0
30BUS- 323 BUS-  861 .0060000 .0480000 .0000000 .0460000 100.0000  0
30BUS-  91 BUS-  891 .0470000 .1190000 .0000000 .0070000 100.0000  0
30BUS-  92 BUS-  901 .0320000 .1740000 .0000000 .0120000 100.0000  0
30BUS-  94 BUS-  911 .1000000 .2530000 .0000000 .0155000 100.0000  0
30BUS-  97 BUS-  911 .0220000 .0770000 .0000000 .0195000 100.0000  0
30BUS- 103 BUS-  921 .0190000 .1440000 .0000000 .0085000 100.0000  0
30BUS- 105 BUS-  921 .0170000 .0920000 .0000000 .0060000 100.0000  0
30BUS-  97 BUS-  941 .2780000 .4270000 .0000000 .0215000 100.0000  0
30BUS- 100 BUS-  971 .0220000 .0530000 .0000000 .0035000 100.0000  0
30BUS- 102 BUS-  971 .0380000 .0920000 .0000000 .0060000 100.0000  0
30BUS- 103 BUS-  971 .0480000 .1220000 .0000000 .0075000 100.0000  0
30BUS- 100 BUS-  981 .0240000 .0640000 .0000000 .0035000 100.0000  0
30BUS- 102 BUS-  981 .0340000 .1210000 .0000000 .0075000 100.0000  0
30BUS- 107 BUS-  991 .0530000 .1350000 .0000000 .0085000 100.0000  0
30BUS- 108 BUS-  991 .0020000 .0040000 .0000000 .0010000 100.0000  0
30BUS- 109 BUS-  991 .0450000 .3540000 .0000000 .0220000 100.0000  0
30BUS- 110 BUS-  991 .0500000 .1740000 .0000000 .0110000 100.0000  0
30BUS- 102 BUS- 1001 .0160000 .0380000 .0000000 .0020000 100.0000  0
30BUS- 104 BUS- 1021 .0430000 .0640000 .0000000 .0135000 100.0000  0
30BUS- 105 BUS- 1031 .0190000 .0620000 .0000000 .0040000 100.0000  0
30BUS- 108 BUS- 1041 .0760000 .1300000 .0000000 .0220000 100.0000  0
30BUS- 322 BUS- 1041 .0440000 .1240000 .0000000 .0075000 100.0000  0
30BUS- 107 BUS- 1051 .0120000 .0880000 .0000000 .0055000 100.0000  0
30BUS- 110 BUS- 1051 .1570000 .4000000 .0000000 .0235000 100.0000  0
30BUS- 324 BUS- 1081 .0740000 .2080000 .0000000 .0130000 100.0000  0
30BUS- 110 BUS- 1091 .0700000 .1840000 .0000000 .0105000 100.0000  0
30BUS- 113 BUS- 1091 .1000000 .2740000 .0000000 .0155000 100.0000  0
30BUS- 114 BUS- 1091 .1090000 .3930000 .0000000 .0180000 100.0000  0
30BUS- 112 BUS- 1101 .1420000 .4040000 .0000000 .0250000 100.0000  0
30BUS- 114 BUS- 1121 .0170000 .0420000 .0000000 .0030000 100.0000  0
30BUS- 122 BUS- 1151 .0036000 .0199000 .0000000 .0020000 100.0000  0
30BUS- 120 BUS- 1161 .0020000 .1049000 .0000000 .0005000 100.0000  0
30BUS- 118 BUS- 1171 .0001000 .0018000 .0000000 .0085000 100.0000  0
30BUS- 119 BUS- 1181 .0000000 .0271000 .0000000 .0000000 100.0000  0
30BUS-1201 BUS- 1181 .0000000 .6163000 .0000000 .0000000 100.0000  0
30BUS- 120 BUS-12011 .0000000 -.369700 .0000000 .0000000 100.0000  0
30BUS- 121 BUS- 1181 .0022000 .2915000 .0000000 .0000000 100.0000  0
30BUS- 120 BUS- 1191 .0000000 .0339000 .0000000 .0000000 100.0000  0
30BUS- 121 BUS- 1191 .0000000 .0582000 .0000000 .0000000 100.0000  0
30BUS- 123 BUS- 1221 .0808000 .2344000 .0000000 .0145000 100.0000  0
30BUS- 125 BUS- 1221 .0965000 .3669000 .0000000 .0270000 100.0000  0
30BUS- 124 BUS- 1231 .0360000 .1076000 .0000000 .0585000 100.0000  0
30BUS- 125 BUS- 1231 .0476000 .1414000 .0000000 .0745000 100.0000  0
30BUS- 126 BUS- 1251 .0006000 .0197000 .0000000 .0000000 100.0000  0
30BUS- 127 BUS- 1261 .0059000 .0405000 .0000000 .1250000 100.0000  0
30BUS- 129 BUS- 1261 .0115000 .1106000 .0000000 .0925000 100.0000  0
30BUS- 132 BUS- 1261 .0198000 .1688000 .0000000 .1605000 100.0000  0
30BUS- 157 BUS- 1261 .0050000 .0500000 .0000000 .1650000 100.0000  0
30BUS- 158 BUS- 1261 .0077000 .0538000 .0000000 .1675000 100.0000  0
30BUS- 169 BUS- 1261 .0165000 .1157000 .0000000 .0855000 100.0000  0
30BUS- 128 BUS- 1271 .0059000 .0577000 .0000000 .0475000 100.0000  0
30BUS- 134 BUS- 1271 .0049000 .0336000 .0000000 .1040000 100.0000  0
30BUS- 168 BUS- 1271 .0059000 .0577000 .0000000 .0475000 100.0000  0
30BUS- 130 BUS- 1281 .0078000 .0773000 .0000000 .0630000 100.0000  0
30BUS- 133 BUS- 1281 .0026000 .0193000 .0000000 .0150000 100.0000  0
30BUS- 130 BUS- 1291 .0076000 .0752000 .0000000 .0610000 100.0000  0
30BUS- 133 BUS- 1291 .0021000 .0186000 .0000000 .0150000 100.0000  0
30BUS- 132 BUS- 1301 .0016000 .0164000 .0000000 .0130000 100.0000  0
30BUS- 151 BUS- 1301 .0017000 .0165000 .0000000 .0130000 100.0000  0
30BUS- 167 BUS- 1301 .0079000 .0793000 .0000000 .0635000 100.0000  0
30BUS- 168 BUS- 1301 .0078000 .0784000 .0000000 .0625000 100.0000  0
30BUS- 137 BUS- 1331 .0017000 .0117000 .0000000 .1445000 100.0000  0
30BUS- 168 BUS- 1331 .0026000 .0193000 .0000000 .0150000 100.0000  0
30BUS- 169 BUS- 1331 .0021000 .0186000 .0000000 .0150000 100.0000  0
30BUS- 171 BUS- 1331 .0002000 .0101000 .0000000 .0000000 100.0000  0
30BUS- 135 BUS- 1341 .0043000 .0293000 .0000000 .0900000 100.0000  0
30BUS- 184 BUS- 1341 .0039000 .0381000 .0000000 .1290000 100.0000  0
30BUS- 136 BUS- 1351 .0091000 .0623000 .0000000 .1925000 100.0000  0
30BUS- 137 BUS- 1361 .0125000 .0890000 .0000000 .2700000 100.0000  0
30BUS- 152 BUS- 1361 .0056000 .0390000 .0000000 .4765000 100.0000  0
30BUS- 140 BUS- 1371 .0015000 .0114000 .0000000 .1420000 100.0000  0
30BUS- 181 BUS- 1371 .0005000 .0034000 .0000000 .0105000 100.0000  0
30BUS- 186 BUS- 1371 .0007000 .0151000 .0000000 .0630000 100.0000  0
30BUS- 188 BUS- 1371 .0005000 .0034000 .0000000 .0105000 100.0000  0
30BUS- 172 BUS- 1391 .0562000 .2248000 .0000000 .0405000 100.0000  0
30BUS- 141 BUS- 1401 .0120000 .0836000 .0000000 .0615000 100.0000  0
30BUS- 142 BUS- 1401 .0152000 .1132000 .0000000 .3420000 100.0000  0
30BUS- 145 BUS- 1401 .0468000 .3369000 .0000000 .2595000 100.0000  0
30BUS- 146 BUS- 1401 .0430000 .3031000 .0000000 .2315000 100.0000  0
30BUS- 147 BUS- 1401 .0489000 .3492000 .0000000 .2690000 100.0000  0
30BUS- 182 BUS- 1401 .0013000 .0089000 .0000000 .0595000 100.0000  0
30BUS- 146 BUS- 1411 .0291000 .2267000 .0000000 .1710000 100.0000  0
30BUS- 143 BUS- 1421 .0060000 .0570000 .0000000 .3835000 100.0000  0
30BUS- 145 BUS- 1431 .0075000 .0773000 .0000000 .0595000 100.0000  0
30BUS- 149 BUS- 1431 .0127000 .0909000 .0000000 .0675000 100.0000  0
30BUS- 146 BUS- 1451 .0085000 .0588000 .0000000 .0435000 100.0000  0
30BUS- 149 BUS- 1451 .0218000 .1511000 .0000000 .1115000 100.0000  0
30BUS- 147 BUS- 1461 .0073000 .0504000 .0000000 .0370000 100.0000  0
30BUS- 178 BUS- 1481 .0523000 .1526000 .0000000 .0370000 100.0000  0
30BUS- 179 BUS- 1481 .1371000 .3919000 .0000000 .0380000 100.0000  0
30BUS- 153 BUS- 1521 .0137000 .0957000 .0000000 .0705000 100.0000  0
30BUS- 161 BUS- 1531 .0055000 .0288000 .0000000 .0950000 100.0000  0
30BUS- 156 BUS- 1541 .1746000 .3161000 .0000000 .0200000 100.0000  0
30BUS- 183 BUS- 1541 .0804000 .3054000 .0000000 .0225000 100.0000  0
30BUS- 161 BUS- 1551 .0110000 .0568000 .0000000 .1940000 100.0000  0
30BUS- 159 BUS- 1571 .0008000 .0098000 .0000000 .0345000 100.0000  0
30BUS- 159 BUS- 1581 .0029000 .0285000 .0000000 .0950000 100.0000  0
30BUS- 160 BUS- 1581 .0066000 .0448000 .0000000 .1385000 100.0000  0
30BUS- 164 BUS- 1621 .0024000 .0326000 .0000000 .1180000 100.0000  0
30BUS- 165 BUS- 1621 .0018000 .0245000 .0000000 .8310000 100.0000  0
30BUS- 164 BUS- 1631 .0044000 .0514000 .0000000 1.798500 100.0000  0
30BUS- 166 BUS- 1651 .0002000 .0123000 .0000000 .0000000 100.0000  0
30BUS- 169 BUS- 1671 .0018000 .0178000 .0000000 .0145000 100.0000  0
30BUS- 173 BUS- 1721 .0669000 .4843000 .0000000 .0315000 100.0000  0
30BUS- 174 BUS- 1721 .0558000 .2210000 .0000000 .0155000 100.0000  0
30BUS- 174 BUS- 1731 .0807000 .3331000 .0000000 .0245000 100.0000  0
30BUS- 175 BUS- 1731 .0739000 .3071000 .0000000 .0215000 100.0000  0
30BUS- 176 BUS- 1731 .1799000 .5017000 .0000000 .0345000 100.0000  0
30BUS- 176 BUS- 1751 .0904000 .3626000 .0000000 .0240000 100.0000  0
30BUS- 179 BUS- 1751 .0770000 .3092000 .0000000 .0270000 100.0000  0
30BUS- 177 BUS- 1761 .0251000 .0829000 .0000000 .0235000 100.0000  0
30BUS- 178 BUS- 1771 .0222000 .0847000 .0000000 .0250000 100.0000  0
30BUS- 179 BUS- 1781 .0498000 .1855000 .0000000 .0145000 100.0000  0
30BUS- 180 BUS- 1781 .0061000 .0290000 .0000000 .0420000 100.0000  0
30BUS- 138 BUS- 1811 .0004000 .0202000 .0000000 .0000000 100.0000  0
30BUS- 187 BUS- 1811 .0004000 .0083000 .0000000 .0575000 100.0000  0
30BUS- 185 BUS- 1841 .0025000 .0245000 .0000000 .0820000 100.0000  0
30BUS- 188 BUS- 1861 .0007000 .0086000 .0000000 .0575000 100.0000  0
30BUS- 188 BUS- 1871 .0007000 .0086000 .0000000 .0575000 100.0000  0
30BUS- 138 BUS- 1881 .0004000 .0202000 .0000000 .0000000 100.0000  0
30BUS- 208 BUS- 1891 .0330000 .0950000 .0000000 .0000000 100.0000  0
30BUS- 209 BUS- 1891 .0460000 .0690000 .0000000 .0000000 100.0000  0
30BUS- 231 BUS- 1901 .0004000 .0022000 .0000000 3.100000 100.0000  0
30BUS- 240 BUS- 1901 .0000000 .0275000 .0000000 .0000000 100.0000  0
30BUS- 192 BUS- 1911 .0030000 .0480000 .0000000 .0000000 100.0000  0
30BUS- 225 BUS- 1921 .0020000 .0090000 .0000000 .0000000 100.0000  0
30BUS- 205 BUS- 1931 .0450000 .0630000 .0000000 .0000000 100.0000  0
30BUS- 208 BUS- 1931 .0480000 .1270000 .0000000 .0000000 100.0000  0
30BUS- 219 BUS- 1941 .0031000 .0286000 .0000000 .2500000 100.0000  0
30BUS- 664 BUS- 1941 .0024000 .0355000 .0000000 .1800000 100.0000  0
30BUS- 219 BUS- 1951 .0031000 .0286000 .0000000 .2500000 100.0000  0
30BUS- 197 BUS- 1961 .0140000 .0400000 .0000000 .0020000 100.0000  0
30BUS- 210 BUS- 1961 .0300000 .0810000 .0000000 .0050000 100.0000  0
30BUS- 198 BUS- 1971 .0100000 .0600000 .0000000 .0045000 100.0000  0
30BUS- 211 BUS- 1971 .0150000 .0400000 .0000000 .0030000 100.0000  0
30BUS- 202 BUS- 1981 .3320000 .6880000 .0000000 .0000000 100.0000  0
30BUS- 203 BUS- 1981 .0090000 .0460000 .0000000 .0125000 100.0000  0
30BUS- 210 BUS- 1981 .0200000 .0730000 .0000000 .0040000 100.0000  0
30BUS- 211 BUS- 1981 .0340000 .1090000 .0000000 .0160000 100.0000  0
30BUS- 200 BUS- 1991 .0760000 .1350000 .0000000 .0045000 100.0000  0
30BUS- 210 BUS- 1991 .0400000 .1020000 .0000000 .0025000 100.0000  0
30BUS- 210 BUS- 2001 .0810000 .1280000 .0000000 .0070000 100.0000  0
30BUS- 204 BUS- 2011 .1240000 .1830000 .0000000 .0000000 100.0000  0
30BUS- 211 BUS- 2031 .0100000 .0590000 .0000000 .0040000 100.0000  0
30BUS- 205 BUS- 2041 .0460000 .0680000 .0000000 .0000000 100.0000  0
30BUS- 206 BUS- 2051 .3020000 .4460000 .0000000 .0000000 100.0000  0
30BUS- 207 BUS- 2061 .0730000 .0930000 .0000000 .0000000 100.0000  0
30BUS- 208 BUS- 2061 .2400000 .4210000 .0000000 .0000000 100.0000  0
30BUS- 215 BUS- 2121 .0139000 .0778000 .0000000 .0430000 100.0000  0
30BUS- 215 BUS- 2141 .0017000 .0185000 .0000000 .0100000 100.0000  0
30BUS- 242 BUS- 2141 .0015000 .0108000 .0000000 .0010000 100.0000  0
30BUS- 216 BUS- 2151 .0045000 .0249000 .0000000 .0130000 100.0000  0
30BUS- 217 BUS- 2161 .0040000 .0497000 .0000000 .0090000 100.0000  0
30BUS- 218 BUS- 2171 .0000000 .0456000 .0000000 .0000000 100.0000  0
30BUS- 219 BUS- 2171 .0005000 .0177000 .0000000 .0100000 100.0000  0
30BUS- 220 BUS- 2171 .0027000 .0395000 .0000000 .4160000 100.0000  0
30BUS- 237 BUS- 2191 .0003000 .0018000 .0000000 2.600000 100.0000  0
30BUS- 218 BUS- 2201 .0037000 .0484000 .0000000 .2150000 100.0000  0
30BUS- 221 BUS- 2201 .0010000 .0295000 .0000000 .2515000 100.0000  0
30BUS- 238 BUS- 2201 .0016000 .0046000 .0000000 .2010000 100.0000  0
30BUS- 223 BUS- 2211 .0003000 .0013000 .0000000 .5000000 100.0000  0
30BUS- 225 BUS- 2241 .0100000 .0640000 .0000000 .2400000 100.0000  0
30BUS- 226 BUS- 2241 .0019000 .0081000 .0000000 .4300000 100.0000  0
30BUS- 191 BUS- 2251 .0010000 .0610000 .0000000 .0000000 100.0000  0
30BUS- 231 BUS- 2261 .0005000 .0212000 .0000000 .0000000 100.0000  0
30BUS- 229 BUS- 2281 .0019000 .0087000 .0000000 .6400000 100.0000  0
30BUS- 231 BUS- 2281 .0026000 .0917000 .0000000 .0000000 100.0000  0
30BUS- 234 BUS- 2281 .0013000 .0288000 .0000000 .4050000 100.0000  0
30BUS- 190 BUS- 2291 .0000000 .0626000 .0000000 .0000000 100.0000  0
30BUS- 232 BUS- 2311 .0002000 .0069000 .0000000 .6820000 100.0000  0
30BUS- 237 BUS- 2311 .0001000 .0006000 .0000000 1.785000 100.0000  0
30BUS- 233 BUS- 2321 .0017000 .0485000 .0000000 .0000000 100.0000  0
30BUS- 235 BUS- 2341 .0002000 .0259000 .0000000 .0720000 100.0000  0
30BUS- 237 BUS- 2341 .0006000 .0272000 .0000000 .0000000 100.0000  0
30BUS- 238 BUS- 2351 .0002000 .0006000 .0000000 .4000000 100.0000  0
30BUS- 281 BUS- 2401 .0003000 .0043000 .0000000 .0045000 100.0000  0
30BUS- 245 BUS- 2421 .0082000 .0851000 .0000000 .0000000 100.0000  0
30BUS- 247 BUS- 2421 .0112000 .0723000 .0000000 .0000000 100.0000  0
30BUS- 244 BUS- 2431 .0127000 .0355000 .0000000 .0000000 100.0000  0
30BUS- 245 BUS- 2431 .0326000 .1804000 .0000000 .0000000 100.0000  0
30BUS- 246 BUS- 2441 .0195000 .0551000 .0000000 .0000000 100.0000  0
30BUS- 246 BUS- 2451 .0157000 .0732000 .0000000 .0000000 100.0000  0
30BUS- 247 BUS- 2451 .0360000 .2119000 .0000000 .0000000 100.0000  0
30BUS- 247 BUS- 2461 .0268000 .1285000 .0000000 .0000000 100.0000  0
30BUS- 248 BUS- 2471 .0428000 .1215000 .0000000 .0000000 100.0000  0
30BUS- 249 BUS- 2481 .0351000 .1004000 .0000000 .0000000 100.0000  0
30BUS- 250 BUS- 2491 .0616000 .1857000 .0000000 .0000000 100.0000  0
 
41BUS-9005 BUS-90511 .0157800 .3748600 .0000000 .0000000 100.0000 .9583134  0
41BUS-9005 BUS-90531 .0160200 .3804600 .0000000 .0000000 100.0000 .9583134  0
41BUS-9005 BUS-90541 .0000000 .1520000 .0000000 .0000000 100.0000 .9583134  0
41BUS-9005 BUS-90551 .0000000 .8000000 .0000000 .0000000 100.0000 .9583134  0
41BUS-9021 BUS-90221 .4436400 2.815200 .0000000 .0000000 100.0000 1.000000  0
41BUS-9002 BUS-90241 .5074800 3.220200 .0000000 .0000000 100.0000 1.000000  0
41BUS-9023 BUS-90251 .6668800 3.944000 .0000000 .0000000 100.0000 1.000000  0
41BUS-9023 BUS-90261 .6113000 3.615200 .0000000 .0000000 100.0000 1.000000  0
41BUS-9007 BUS-90711 .4412000 2.966800 .0000000 .0000000 100.0000 1.000000  0
41BUS-9007 BUS-90721 .3079200 2.057000 .0000000 .0000000 100.0000 1.000000  0
41BUS-9003 BUS-90311 .7363300 4.672400 .0000000 .0000000 100.0000 1.000000  0
41BUS-9003 BUS-90321 .7697800 4.884600 .0000000 .0000000 100.0000 1.000000  0
41BUS-9003 BUS-90331 .7573200 4.805600 .0000000 .0000000 100.0000 1.000000  0
41BUS-9004 BUS-90411 .3661400 2.456000 .0000000 .0000000 100.0000 1.000000  0
41BUS-9004 BUS-90421 1.059300 5.453600 .0000000 .0000000 100.0000 1.000000  0
41BUS-9004 BUS-90431 .1567000 1.699400 .0000000 .0000000 100.0000 1.000000  0
41BUS-9003 BUS-90341 .1300600 1.391200 .0000000 .0000000 100.0000 1.000000  0
41BUS-9003 BUS-90351 .5448400 3.457200 .0000000 .0000000 100.0000 1.000000  0
41BUS-9003 BUS-90361 .1542600 1.672900 .0000000 .0000000 100.0000 1.000000  0
41BUS-9003 BUS-90371 .3849000 2.571200 .0000000 .0000000 100.0000 1.000000  0
41BUS-9003 BUS-90381 .4412000 2.966800 .0000000 .0000000 100.0000 1.000000  0
41BUS-9053 BUS-95331 .0000000 .7500000 .0000000 .0000000 100.0000 1.043515  0
41BUS- 213 BUS- 2141 .0025000 .0380000 .0000000 .0000000 100.0000 1.000000  0
41BUS- 222 BUS- 2371 .0014000 .0514000 .0000000 -.330000 100.0000 1.000000  0
41BUS- 227 BUS- 2311 .0009000 .0472000 .0000000 -.186000 100.0000 1.000000  0
41BUS- 241 BUS- 2371 .0005000 .0154000 .0000000 .0000000 100.0000 1.000000  0
41BUS-  12 BUS-  101 .0000000 .0530000 .0000000 .0000000 100.0000 1.015228  0
41BUS-  21 BUS-  201 .0000000 .0140000 .0000000 .0000000 100.0000 1.050420  0
41BUS- 116 BUS- 1241 .0052000 .0174000 .0000000 .0000000 100.0000 .9900990  0
41BUS- 132 BUS- 1701 .0010000 .0402000 .0000000 .0000000 100.0000 .9523810  0
41BUS- 151 BUS- 1701 .0010000 .0392000 .0000000 .0000000 100.0000 .9523810  0
41BUS- 155 BUS- 1561 .0008000 .0256000 .0000000 .0000000 100.0000 .9523810  0
41BUS- 160 BUS- 1241 .0012000 .0396000 .0000000 .0000000 100.0000 1.025641  0
41BUS- 209 BUS- 1981 .0260000 .2110000 .0000000 .0000000 100.0000 .9708738  0
41BUS- 229 BUS- 2301 .0010000 .0332000 .0000000 .0000000 100.0000 .9803922  0
41BUS- 234 BUS- 2361 .0005000 .0160000 .0000000 .0000000 100.0000 .9345794  0
41BUS- 238 BUS- 2391 .0005000 .0160000 .0000000 .0000000 100.0000 .9803922  0
49BUS- 196 BUS-20401 .0001000 .0200000 .0000000 .0000000 100.0000 .8661537 .2282350 60.00000  0
41BUS-7002 BUS-   21 .0010000 .0146000 .0000000 .0000000 100.0000 1.000000  0
41BUS-7003 BUS-   31 .0000000 .0105400 .0000000 .0000000 100.0000 1.000000  0
41BUS-7061 BUS-  611 .0000000 .0238000 .0000000 .0000000 100.0000 1.000000  0
41BUS-7062 BUS-  621 .0000000 .0321400 .0000000 .0000000 100.0000 1.052632  0
41BUS-7166 BUS- 1661 .0000000 .0154000 .0000000 .0000000 100.0000 1.000000  0
41BUS-7024 BUS-  241 .0000000 .0289000 .0000000 .0000000 100.0000 1.000000  0
41BUS-7001 BUS-   11 .0000000 .0195300 .0000000 .0000000 100.0000 1.000000  0
41BUS-7130 BUS- 1301 .0000000 .0193000 .0000000 .0000000 100.0000 1.000000  0
41BUS-7011 BUS-  111 .0000000 .0192300 .0000000 .0000000 100.0000 1.000000  0
41BUS-7023 BUS-  231 .0000000 .0230000 .0000000 .0000000 100.0000 1.000000  0
41BUS-7049 BUS-  491 .0000000 .0124000 .0000000 .0000000 100.0000 1.000000  0
41BUS-7139 BUS- 1391 .0000000 .0167000 .0000000 .0000000 100.0000 1.000000  0
41BUS-7012 BUS-  121 .0000000 .0312000 .0000000 .0000000 100.0000 1.000000  0
41BUS-7017 BUS-  171 .0000000 .0165400 .0000000 .0000000 100.0000 1.061571  0
41BUS-7039 BUS-  391 .0000000 .0315900 .0000000 .0000000 100.0000 1.036269  0
41BUS-7057 BUS-  571 .0000000 .0534700 .0000000 .0000000 100.0000 1.052632  0
41BUS-7044 BUS-  441 .0000000 .1818100 .0000000 .0000000 100.0000 1.061571  0
41BUS-7055 BUS-  551 .0000000 .1960700 .0000000 .0000000 100.0000 1.061571  0
41BUS-7071 BUS-  711 .0000000 .0689600 .0000000 .0000000 100.0000 1.045478  0
41BUS-  37 BUS-9001  .0000600 .0004600 .0000000 .0000000 100.0000 .9918666  0
41BUS-9001 BUS-9006  .0243900 .4368200 .0000000 .0000000 100.0000 1.034340  0
41BUS-9001 BUS-9012  .0362400 .6489800 .0000000 .0000000 100.0000 1.020825  0
41BUS-9005 BUS-9052  .0157800 .3748600 .0000000 .0000000 100.0000 1.064849  0
41BUS-   3 BUS-   1  .0000000 .0520000 .0000000 .0000000 100.0000 1.055966  0
41BUS-   3 BUS-   2  .0000000 .0520000 .0000000 .0000000 100.0000 1.046025  0
41BUS-   3 BUS-   4  .0000000 .0050000 .0000000 .0000000 100.0000 1.029866  0
41BUS-   7 BUS-   5  .0000000 .0390000 .0000000 .0000000 100.0000 1.054852  0
41BUS-   7 BUS-   6  .0000000 .0390000 .0000000 .0000000 100.0000 1.042753  0
41BUS-  10 BUS-  11  .0000000 .0890000 .0000000 .0000000 100.0000 .9560229  0
41BUS-  15 BUS-  17  .0194000 .0311000 .0000000 .0000000 100.0000 1.045916  0
41BUS-  16 BUS-  15  .0010000 .0380000 .0000000 .0000000 100.0000 1.029866  0
41BUS-  24 BUS-  23  .0000000 .0640000 .0000000 .0000000 100.0000 1.060445  0
41BUS-  36 BUS-  35  .0000000 .0470000 .0000000 .0000000 100.0000 .9900990  0
41BUS-  45 BUS-  44  .0000000 .0200000 .0000000 .0000000 100.0000 .9920635  0
41BUS-  45 BUS-  46  .0000000 .0210000 .0000000 .0000000 100.0000 1.000000  0
41BUS-  62 BUS-  61  .0000000 .0590000 .0000000 .0000000 100.0000 1.025641  0
41BUS-  63 BUS-  64  .0000000 .0380000 .0000000 .0000000 100.0000 .9832842  0
41BUS-  73 BUS-  74  .0000000 .0244000 .0000000 .0000000 100.0000 1.000000  0
41BUS-  81 BUS-  88  .0000000 .0200000 .0000000 .0000000 100.0000 1.000000  0
41BUS-  85 BUS-  99  .0000000 .0480000 .0000000 .0000000 100.0000 1.000000  0
41BUS-  86 BUS- 102  .0000000 .0480000 .0000000 .0000000 100.0000 1.000000  0
41BUS-  87 BUS-  94  .0000000 .0460000 .0000000 .0000000 100.0000 .9852217  0
41BUS- 114 BUS- 207  .0000000 .1490000 .0000000 .0000000 100.0000 1.034126  0
41BUS- 121 BUS- 115  .0000000 .0280000 .0000000 .0000000 100.0000 .9523810  0
41BUS- 122 BUS- 157  .0005000 .0195000 .0000000 .0000000 100.0000 1.000000  0
41BUS- 130 BUS- 131  .0000000 .0180000 .0000000 .0000000 100.0000 .9503897  0
41BUS- 130 BUS- 150  .0000000 .0140000 .0000000 .0000000 100.0000 .9503897  0
41BUS- 141 BUS- 174  .0024000 .0603000 .0000000 .0000000 100.0000 1.025641  0
41BUS- 142 BUS- 175  .0024000 .0498000 .0000000 .0870000 100.0000 1.000000  0
41BUS- 143 BUS- 144  .0000000 .0833000 .0000000 .0000000 100.0000 .9661836  0
41BUS- 143 BUS- 148  .0013000 .0371000 .0000000 .0000000 100.0000 1.045478  0
41BUS- 145 BUS- 180  .0005000 .0182000 .0000000 .0000000 100.0000 1.000000  0
41BUS- 153 BUS- 183  .0027000 .0639000 .0000000 .0000000 100.0000 .9319665  0
41BUS- 159 BUS- 117  .0000000 .0160000 .0000000 .0000000 100.0000 .9518370  0
41BUS- 163 BUS- 137  .0013000 .0384000 .0000000 .0570000 100.0000 1.020408  0
41BUS- 164 BUS- 155  .0009000 .0231000 .0000000 .0330000 100.0000 1.046025  0
41BUS- 182 BUS- 139  .0003000 .0131000 .0000000 .0000000 100.0000 .9523810  0
41BUS- 189 BUS- 210  .0000000 .2520000 .0000000 .0000000 100.0000 .9708738  0
41BUS- 193 BUS- 196  .0000000 .2370000 .0000000 .0000000 100.0000 .9708738  0
41BUS- 195 BUS- 212  .0008000 .0366000 .0000000 .0000000 100.0000 1.015228  0
41BUS- 200 BUS- 248  .0000000 .2200000 .0000000 .0000000 100.0000 1.000000  0
41BUS- 201 BUS-  69  .0000000 .0980000 .0000000 .0000000 100.0000 .9708738  0
41BUS- 202 BUS- 211  .0000000 .1280000 .0000000 .0000000 100.0000 .9900990  0
41BUS- 204 BUS-2040  .0200000 .2040000 .0000000 .0120000 100.0000 .9523810  0
41BUS- 211 BUS- 212  .0030000 .0122000 .0000000 .0000000 100.0000 1.000000  0
41BUS- 218 BUS- 219  .0010000 .0354000 .0000000 .0100000 100.0000 1.030928  0
41BUS- 223 BUS- 224  .0012000 .0195000 .0000000 .3640000 100.0000 1.000000  0
41BUS- 119 BUS-1190  .0010000 .0230000 .0000000 .0000000 100.0000 .9781864  0
41BUS- 120 BUS-1200  .0000000 .0230000 .0000000 .0000000 100.0000 1.077122  0
 
 
 
 
 
 
 
 
 
