HEADER     22/ 3/ 0 3.2     

B 
9 1 0 0 1 1  0 .0050000                    0            0       1
 
8
 
 
AA 01
 
101BUS-   1                   .0000000 -3.10165 51.00000 27.00000 .0000000 .0000000 100.0000    0  0.95500   10.982
101BUS-   2                   .0000000 .0000000 20.00000 9.000000 .0000000 .0000000 100.0000    0  0.97139   11.522
101BUS-   3                   .0000000 .0000000 39.00000 10.00000 .0000000 .0000000 100.0000    0  0.96769   11.866
101BUS-   4                   -9.00000 -14.9907 30.00000 12.00000 .0000000 .0000000 100.0000    0  0.99800   15.583
101BUS-   5                   .0000000 .0000000 .0000000 .0000000 .0000000 -40.0000 100.0000    0  1.00198   16.028
101BUS-   6                   .0000000 15.93469 52.00000 22.00000 .0000000 .0000000 100.0000    0  0.99000   13.301
101BUS-   7                   .0000000 .0000000 19.00000 2.000000 .0000000 .0000000 100.0000    0  0.98933   12.857
101BUS-   8                   -28.0000 62.75794 .0000000 .0000000 .0000000 .0000000 100.0000    0  1.01500   21.049
101BUS-   9                   .0000000 .0000000 .0000000 .0000000 .0000000 .0000000 100.0000    0  1.04292   28.303
101BUS-  10                   450.0000 -51.0419 .0000000 .0000000 .0000000 .0000000 100.0000    0  1.05000   35.884
101BUS-  11                   .0000000 .0000000 70.00000 23.00000 .0000000 .0000000 100.0000    0  0.98509   13.016
101BUS-  12                   85.00000 91.29537 47.00000 10.00000 .0000000 .0000000 100.0000    0  0.99000   12.499
101BUS-  13                   .0000000 .0000000 34.00000 16.00000 .0000000 .0000000 100.0000    0  0.96830   11.641
101BUS-  14                   .0000000 .0000000 14.00000 1.000000 .0000000 .0000000 100.0000    0  0.98359   11.783
101BUS-  15                   .0000000 3.074919 90.00000 30.00000 .0000000 .0000000 100.0000    0  0.97000   11.489
101BUS-  16                   .0000000 .0000000 25.00000 10.00000 .0000000 .0000000 100.0000    0  0.98391   12.197
101BUS-  17                   .0000000 .0000000 11.00000 3.000000 .0000000 .0000000 100.0000    0  0.99513   14.005
101BUS-  18                   .0000000 25.54100 60.00000 34.00000 .0000000 .0000000 100.0000    0  0.97300   11.791
101BUS-  19                   .0000000 -8.00000 45.00000 25.00000 .0000000 .0000000 100.0000    0  0.96343   11.307
101BUS-  20                   .0000000 .0000000 18.00000 3.000000 .0000000 .0000000 100.0000    0  0.95806   12.187
101BUS-  21                   .0000000 .0000000 14.00000 8.000000 .0000000 .0000000 100.0000    0  0.95862   13.775
101BUS-  22                   .0000000 .0000000 10.00000 5.000000 .0000000 .0000000 100.0000    0  0.96965   16.329
101BUS-  23                   .0000000 .0000000 7.000000 3.000000 .0000000 .0000000 100.0000    0  0.99966   21.250
101BUS-  24                   -13.0000 -15.2768 .0000000 .0000000 .0000000 .0000000 100.0000    0  0.99200   21.118
101BUS-  25                   220.0000 49.79792 .0000000 .0000000 .0000000 .0000000 100.0000    0  1.05000   28.184
101BUS-  26                   314.0000 9.905906 .0000000 .0000000 .0000000 .0000000 100.0000    0  1.01500   29.965
101BUS-  27                   -9.00000 2.845990 62.00000 13.00000 .0000000 .0000000 100.0000    0  0.96800   15.612
101BUS-  28                   .0000000 .0000000 17.00000 7.000000 .0000000 .0000000 100.0000    0  0.96157   13.888
101BUS-  29                   .0000000 .0000000 24.00000 4.000000 .0000000 .0000000 100.0000    0  0.96322   12.895
101BUS-  30                   .0000000 .0000000 .0000000 .0000000 .0000000 .0000000 100.0000    0  0.98552   19.040
101BUS-  31                   7.000000 31.97871 43.00000 27.00000 .0000000 .0000000 100.0000    0  0.96700   13.012
101BUS-  32                   .0000000 -14.0000 59.00000 23.00000 .0000000 .0000000 100.0000    0  0.96359   15.060
101BUS-  33                   .0000000 .0000000 23.00000 9.000000 .0000000 .0000000 100.0000    0  0.97156   10.864
101BUS-  34                   .0000000 -8.00000 59.00000 26.00000 .0000000 14.00000 100.0000    0  0.98586   11.506
101BUS-  35                   .0000000 .0000000 33.00000 9.000000 .0000000 .0000000 100.0000    0  0.98068   11.079
101BUS-  36                   .0000000 -1.22572 31.00000 17.00000 .0000000 .0000000 100.0000    0  0.98000   11.083
101BUS-  37                   .0000000 .0000000 .0000000 .0000000 .0000000 -25.0000 100.0000    0  0.99198   11.970
101BUS-  38                   .0000000 .0000000 .0000000 .0000000 .0000000 .0000000 100.0000    0  0.96198   17.107
101BUS-  39                   .0000000 .0000000 27.00000 11.00000 .0000000 .0000000 100.0000    0  0.97045    8.597
101BUS-  40                   -46.0000 26.89166 20.00000 23.00000 .0000000 .0000000 100.0000    0  0.97000    7.523
101BUS-  41                   .0000000 .0000000 37.00000 10.00000 .0000000 .0000000 100.0000    0  0.96683    7.077
101BUS-  42                   -59.0000 41.00484 37.00000 23.00000 .0000000 .0000000 100.0000    0  0.98500    8.673
101BUS-  43                   .0000000 .0000000 18.00000 7.000000 .0000000 .0000000 100.0000    0  0.97847   11.460
101BUS-  44                   .0000000 .0000000 16.00000 8.000000 .0000000 10.00000 100.0000    0  0.98500   13.946
101BUS-  45                   .0000000 .0000000 53.00000 22.00000 .0000000 10.00000 100.0000    0  0.98665   15.776
101BUS-  46                   19.00000 -5.22606 28.00000 10.00000 .0000000 10.00000 100.0000    0  1.00500   18.582
101BUS-  47                   .0000000 .0000000 34.00000 .0000000 .0000000 .0000000 100.0000    0  1.01705   20.805
101BUS-  48                   .0000000 .0000000 20.00000 11.00000 .0000000 15.00000 100.0000    0  1.02063   20.025
101BUS-  49                   204.0000 115.6735 87.00000 30.00000 .0000000 .0000000 100.0000    0  1.02500   21.028
101BUS-  50                   .0000000 .0000000 17.00000 4.000000 .0000000 .0000000 100.0000    0  1.00108   18.989
101BUS-  51                   .0000000 .0000000 17.00000 8.000000 .0000000 .0000000 100.0000    0  0.96687   16.370
101BUS-  52                   .0000000 .0000000 18.00000 5.000000 .0000000 .0000000 100.0000    0  0.95680   15.417
101BUS-  53                   .0000000 .0000000 23.00000 11.00000 .0000000 .0000000 100.0000    0  0.94597   14.441
101BUS-  54                   48.00000 3.909434 113.0000 32.00000 .0000000 .0000000 100.0000    0  0.95500   15.353
101BUS-  55                   .0000000 4.669425 63.00000 22.00000 .0000000 .0000000 100.0000    0  0.95200   15.063
101BUS-  56                   .0000000 -2.27400 84.00000 18.00000 .0000000 .0000000 100.0000    0  0.95400   15.250
101BUS-  57                   .0000000 .0000000 12.00000 3.000000 .0000000 .0000000 100.0000    0  0.97058   16.455
101BUS-  58                   .0000000 .0000000 12.00000 3.000000 .0000000 .0000000 100.0000    0  0.95903   15.598
101BUS-  59                   155.0000 76.83537 277.0000 113.0000 .0000000 .0000000 100.0000    0  0.98500   19.452
101BUS-  60                   .0000000 .0000000 78.00000 3.000000 .0000000 .0000000 100.0000    0  0.99316   23.234
101BUS-  61                   160.0000 -40.3851 .0000000 .0000000 .0000000 .0000000 100.0000    0  0.99500   24.125
101BUS-  62                   .0000000 1.264290 77.00000 14.00000 .0000000 .0000000 100.0000    0  0.99800   23.509
101BUS-  63                   .0000000 .0000000 .0000000 .0000000 .0000000 .0000000 100.0000    0  0.96874   22.831
101BUS-  64                   .0000000 .0000000 .0000000 .0000000 .0000000 .0000000 100.0000    0  0.98374   24.597
101BUS-  65                   391.0000 80.81163 .0000000 .0000000 .0000000 .0000000 100.0000    0  1.00500   27.722
101BUS-  66                   392.0000 -1.95138 39.00000 18.00000 .0000000 .0000000 100.0000    0  1.05000   27.563
101BUS-  67                   .0000000 .0000000 28.00000 7.000000 .0000000 .0000000 100.0000    0  1.01968   24.923
101BUS-  68                   .0000000 .0000000 .0000000 .0000000 .0000000 .0000000 100.0000    0  1.00325   27.601
101BUS-  69                   513.4767 -82.3833 .0000000 .0000000 .0000000 .0000000 100.0000    0  1.03500   30.000
101BUS-  70                   .0000000 9.682281 66.00000 20.00000 .0000000 .0000000 100.0000    0  0.98400   22.620
101BUS-  71                   .0000000 .0000000 .0000000 .0000000 .0000000 .0000000 100.0000    0  0.98684   22.209
101BUS-  72                   -12.0000 -11.1273 .0000000 .0000000 .0000000 .0000000 100.0000    0  0.98000   21.112
101BUS-  73                   -6.00000 9.659228 .0000000 .0000000 .0000000 .0000000 100.0000    0  0.99100   21.998
101BUS-  74                   .0000000 -5.61571 68.00000 27.00000 .0000000 12.00000 100.0000    0  0.95800   21.671
101BUS-  75                   .0000000 .0000000 47.00000 11.00000 .0000000 .0000000 100.0000    0  0.96733   22.933
101BUS-  76                   .0000000 5.276920 68.00000 36.00000 .0000000 .0000000 100.0000    0  0.94300   21.803
101BUS-  77                   .0000000 11.96009 61.00000 28.00000 .0000000 .0000000 100.0000    0  1.00600   26.757
101BUS-  78                   .0000000 .0000000 71.00000 26.00000 .0000000 .0000000 100.0000    0  1.00342   26.453
101BUS-  79                   .0000000 .0000000 39.00000 32.00000 .0000000 20.00000 100.0000    0  1.00922   26.752
101BUS-  80                   477.0000 105.0478 130.0000 26.00000 .0000000 .0000000 100.0000    0  1.04000   28.998
101BUS-  81                   .0000000 .0000000 .0000000 .0000000 .0000000 .0000000 100.0000    0  0.99681   28.150
101BUS-  82                   .0000000 .0000000 54.00000 27.00000 .0000000 20.00000 100.0000    0  0.98874   27.277
101BUS-  83                   .0000000 .0000000 20.00000 10.00000 .0000000 10.00000 100.0000    0  0.98452   28.468
101BUS-  84                   .0000000 .0000000 11.00000 7.000000 .0000000 .0000000 100.0000    0  0.97975   31.001
101BUS-  85                   .0000000 -5.76157 24.00000 15.00000 .0000000 .0000000 100.0000    0  0.98500   32.555
101BUS-  86                   .0000000 .0000000 21.00000 10.00000 .0000000 .0000000 100.0000    0  0.98669   31.186
101BUS-  87                   4.000000 11.02158 .0000000 .0000000 .0000000 .0000000 100.0000    0  1.01500   31.445
101BUS-  88                   .0000000 .0000000 48.00000 10.00000 .0000000 .0000000 100.0000    0  0.98746   35.686
101BUS-  89                   607.0000 -11.7844 .0000000 .0000000 .0000000 .0000000 100.0000    0  1.00500   39.741
101BUS-  90                   -85.0000 59.29980 78.00000 42.00000 .0000000 .0000000 100.0000    0  0.98500   33.337
101BUS-  91                   -10.0000 -14.8411 .0000000 .0000000 .0000000 .0000000 100.0000    0  0.98000   33.356
101BUS-  92                   .0000000 -3.00000 65.00000 10.00000 .0000000 .0000000 100.0000    0  0.99228   33.855
101BUS-  93                   .0000000 .0000000 12.00000 7.000000 .0000000 .0000000 100.0000    0  0.98690   30.844
101BUS-  94                   .0000000 .0000000 30.00000 16.00000 .0000000 .0000000 100.0000    0  0.99057   28.690
101BUS-  95                   .0000000 .0000000 42.00000 31.00000 .0000000 .0000000 100.0000    0  0.98092   27.718
101BUS-  96                   .0000000 .0000000 38.00000 15.00000 .0000000 .0000000 100.0000    0  0.99267   27.551
101BUS-  97                   .0000000 .0000000 15.00000 9.000000 .0000000 .0000000 100.0000    0  1.01137   27.924
101BUS-  98                   .0000000 .0000000 34.00000 8.000000 .0000000 .0000000 100.0000    0  1.02351   27.446
101BUS-  99                   -42.0000 -17.5369 .0000000 .0000000 .0000000 .0000000 100.0000    0  1.01000   27.084
101BUS- 100                   252.0000 110.0823 37.00000 18.00000 .0000000 .0000000 100.0000    0  1.01700   28.081
101BUS- 101                   .0000000 .0000000 22.00000 15.00000 .0000000 .0000000 100.0000    0  0.99243   29.653
101BUS- 102                   .0000000 .0000000 5.000000 3.000000 .0000000 .0000000 100.0000    0  0.99100   32.351
101BUS- 103                   40.00000 40.00000 23.00000 16.00000 .0000000 .0000000 100.0000    0  1.00071   24.486
101BUS- 104                   .0000000 5.657528 38.00000 25.00000 .0000000 .0000000 100.0000    0  0.97100   21.741
101BUS- 105                   .0000000 -8.00000 31.00000 26.00000 .0000000 20.00000 100.0000    0  0.96599   20.619
101BUS- 106                   .0000000 .0000000 43.00000 16.00000 .0000000 .0000000 100.0000    0  0.96179   20.371
101BUS- 107                   -22.0000 5.696859 28.00000 12.00000 .0000000 6.000000 100.0000    0  0.95200   17.581
101BUS- 108                   .0000000 .0000000 2.000000 1.000000 .0000000 .0000000 100.0000    0  0.96681   19.428
101BUS- 109                   .0000000 .0000000 8.000000 3.000000 .0000000 .0000000 100.0000    0  0.96746   18.978
101BUS- 110                   .0000000 4.861055 39.00000 30.00000 .0000000 6.000000 100.0000    0  0.97300   18.140
101BUS- 111                   36.00000 -1.84388 .0000000 .0000000 .0000000 .0000000 100.0000    0  0.98000   19.785
101BUS- 112                   -43.0000 41.51170 25.00000 13.00000 .0000000 .0000000 100.0000    0  0.97500   15.040
101BUS- 113                   -6.00000 6.329168 .0000000 .0000000 .0000000 .0000000 100.0000    0  0.99300   14.003
101BUS- 114                   .0000000 .0000000 8.000000 3.000000 .0000000 .0000000 100.0000    0  0.96043   14.729
101BUS- 115                   .0000000 .0000000 22.00000 7.000000 .0000000 .0000000 100.0000    0  0.96032   14.722
101BUS- 116                   -184.000 51.32532 .0000000 .0000000 .0000000 .0000000 100.0000    0  1.00500   27.166
101BUS- 117                   .0000000 .0000000 20.00000 8.000000 .0000000 .0000000 100.0000    0  0.97382   10.958
101BUS- 118                   .0000000 .0000000 33.00000 15.00000 .0000000 .0000000 100.0000    0  0.94944   21.945
 
5  BUS-   1          -5.00000 15.00000 .0000000 95.50000 1
5  BUS-   4          -300.000 300.0000 .0000000 99.80000 1
5  BUS-   6          -13.0000 50.00000 .0000000 99.00000 1
5  BUS-   8          -300.000 300.0000 .0000000 101.5000 1
5  BUS-  10          -147.000 200.0000 .0000000 105.0000 1
5  BUS-  12          -35.0000 120.0000 .0000000 99.00000 1
5  BUS-  15          -10.0000 30.00000 .0000000 97.00000 1
5  BUS-  18          -16.0000 50.00000 .0000000 97.30000 1
5  BUS-  19          -8.00000 24.00000 .0000000 96.20000 1
5  BUS-  24          -300.000 300.0000 .0000000 99.20000 1
5  BUS-  25          -47.0000 140.0000 .0000000 105.0000 1
5  BUS-  26          -1000.00 1000.000 .0000000 101.5000 1
5  BUS-  27          -300.000 300.0000 .0000000 96.80000 1
5  BUS-  31          -300.000 300.0000 .0000000 96.70000 1
5  BUS-  32          -14.0000 42.00000 .0000000 96.30000 1
5  BUS-  34          -8.00000 24.00000 .0000000 98.40000 1
5  BUS-  36          -8.00000 24.00000 .0000000 98.00000 1
5  BUS-  40          -300.000 300.0000 .0000000 97.00000 1
5  BUS-  42          -300.000 300.0000 .0000000 98.50000 1
5  BUS-  46          -100.000 100.0000 .0000000 100.5000 1
5  BUS-  49          -85.0000 210.0000 .0000000 102.5000 1
5  BUS-  54          -300.000 300.0000 .0000000 95.50000 1
5  BUS-  55          -8.00000 23.00000 .0000000 95.20000 1
5  BUS-  56          -8.00000 15.00000 .0000000 95.40000 1
5  BUS-  59          -60.0000 180.0000 .0000000 98.50000 1
5  BUS-  61          -100.000 300.0000 .0000000 99.50000 1
5  BUS-  62          -20.0000 20.00000 .0000000 99.80000 1
5  BUS-  65          -67.0000 200.0000 .0000000 100.5000 1
5  BUS-  66          -67.0000 200.0000 .0000000 105.0000 1
5  BUS-  69                            30.00000 103.5000 3
5  BUS-  70          -10.0000 32.00000 .0000000 98.40000 1
5  BUS-  72          -100.000 100.0000 .0000000 98.00000 1
5  BUS-  73          -100.000 100.0000 .0000000 99.10000 1
5  BUS-  74          -6.00000 9.000000 .0000000 95.80000 1
5  BUS-  76          -8.00000 23.00000 .0000000 94.30000 1
5  BUS-  77          -20.0000 70.00000 .0000000 100.6000 1
5  BUS-  80          -165.000 280.0000 .0000000 104.0000 1
5  BUS-  85          -8.00000 23.00000 .0000000 98.50000 1
5  BUS-  87          -100.000 1000.000 .0000000 101.5000 1
5  BUS-  89          -210.000 300.0000 .0000000 100.5000 1
5  BUS-  90          -300.000 300.0000 .0000000 98.50000 1
5  BUS-  91          -100.000 100.0000 .0000000 98.00000 1
5  BUS-  92          -3.00000 9.000000 .0000000 99.00000 1
5  BUS-  99          -100.000 100.0000 .0000000 101.0000 1
5  BUS- 100          -50.0000 155.0000 .0000000 101.7000 1
5  BUS- 103          -15.0000 40.00000 .0000000 101.0000 1
5  BUS- 104          -8.00000 23.00000 .0000000 97.10000 1
5  BUS- 105          -8.00000 23.00000 .0000000 96.50000 1
5  BUS- 107          -200.000 200.0000 .0000000 95.20000 1
5  BUS- 110          -8.00000 23.00000 .0000000 97.30000 1
5  BUS- 111          -100.000 1000.000 .0000000 98.00000 1
5  BUS- 112          -100.000 1000.000 .0000000 97.50000 1
5  BUS- 113          -100.000 200.0000 .0000000 99.30000 1
5  BUS- 116          -1000.00 1000.000 .0000000 100.5000 1
 
30BUS-   2 BUS-   1  .0303000 .0999000 .0000000 .0127000 100.0000  0
30BUS-   3 BUS-   1  .0129000 .0424000 .0000000 .0054000 200000.0  0
30BUS-   5 BUS-   4  .0017600 .0079800 .0000000 .0010500 100.0000  0
30BUS-   5 BUS-   3  .0241000 .1080000 .0000000 .0142000 100.0000  0
30BUS-   6 BUS-   5  .0119000 .0540000 .0000000 .0071000 600000.0  0
30BUS-   7 BUS-   6  .0045900 .0208000 .0000000 .0027500 100.0000  0
30BUS-   9 BUS-   8  .0024400 .0305000 .0000000 .5810000 100.0000  0
30BUS-  10 BUS-   9  .0025800 .0322000 .0000000 .6150000 100.0000  0
30BUS-  11 BUS-   4  .0209000 .0688000 .0000000 .0087000 800000.0  0
30BUS-  11 BUS-   5  .0203000 .0682000 .0000000 .0086500 800000.0  0
30BUS-  12 BUS-  11  .0059500 .0196000 .0000000 .0025000 200000.0  0
30BUS-  12 BUS-   2  .0187000 .0616000 .0000000 .0078500 200000.0  0
30BUS-  12 BUS-   3  .0484000 .1600000 .0000000 .0203000 100.0000  0
30BUS-  12 BUS-   7  .0086200 .0340000 .0000000 .0043500 400000.0  0
30BUS-  13 BUS-  11  .0222500 .0731000 .0000000 .0093500 600000.0  0
30BUS-  14 BUS-  12  .0215000 .0707000 .0000000 .0090500 600000.0  0
30BUS-  15 BUS-  13  .0744000 .2444000 .0000000 .0313000 800000.0  0
30BUS-  15 BUS-  14  .0595000 .1950000 .0000000 .0251000 100.0000  0
30BUS-  16 BUS-  12  .0212000 .0834000 .0000000 .0107000 100.0000  0
30BUS-  17 BUS-  15  .0132000 .0437000 .0000000 .0222000 100.0000  0
30BUS-  17 BUS-  16  .0454000 .1801000 .0000000 .0233000 100.0000  0
30BUS-  18 BUS-  17  .0123000 .0505000 .0000000 .0064500 800000.0  0
30BUS-  19 BUS-  18  .0111900 .0493000 .0000000 .0057000 200000.0  0
30BUS-  20 BUS-  19  .0252000 .1170000 .0000000 .0149000 100.0000  0
30BUS-  19 BUS-  15  .0120000 .0394000 .0000000 .0050500 100.0000  0
30BUS-  21 BUS-  20  .0183000 .0849000 .0000000 .0108000 100.0000  0
30BUS-  22 BUS-  21  .0209000 .0970000 .0000000 .0123000 100.0000  0
30BUS-  23 BUS-  22  .0342000 .1590000 .0000000 .0202000 100.0000  0
30BUS-  24 BUS-  23  .0135000 .0492000 .0000000 .0249000 100.0000  0
30BUS-  25 BUS-  23  .0156000 .0800000 .0000000 .0432000 100.0000  0
30BUS-  27 BUS-  25  .0318000 .1630000 .0000000 .0882000 100.0000  0
30BUS-  28 BUS-  27  .0191300 .0855000 .0000000 .0108000 100.0000  0
30BUS-  29 BUS-  28  .0237000 .0943000 .0000000 .0119000 100.0000  0
30BUS-  30 BUS-   8  .0043100 .0504000 .0000000 .2570000 100.0000  0
30BUS-  30 BUS-  26  .0079900 .0860000 .0000000 .4540000 100.0000  0
30BUS-  31 BUS-  17  .0474000 .1563000 .0000000 .0199500 100.0000  0
30BUS-  31 BUS-  29  .0108000 .0331000 .0000000 .0041500 100.0000  0
30BUS-  32 BUS-  23  .0317000 .1153000 .0000000 .0586500 100.0000  0
30BUS-  32 BUS-  31  .0298000 .0985000 .0000000 .0125500 100.0000  0
30BUS-  32 BUS-  27  .0229000 .0755000 .0000000 .0096000 600000.0  0
30BUS-  33 BUS-  15  .0380000 .1244000 .0000000 .0159500 400000.0  0
30BUS-  34 BUS-  19  .0752000 .2470000 .0000000 .0316000 100.0000  0
30BUS-  36 BUS-  35  .0022400 .0102000 .0000000 .0013000 800000.0  0
30BUS-  37 BUS-  35  .0110000 .0497000 .0000000 .0065500 800000.0  0
30BUS-  37 BUS-  33  .0415000 .1420000 .0000000 .0183000 100.0000  0
30BUS-  36 BUS-  34  .0087100 .0268000 .0000000 .0028000 800000.0  0
30BUS-  37 BUS-  34  .0025600 .0094000 .0000000 .0049000 400000.0  0
30BUS-  39 BUS-  37  .0321000 .1060000 .0000000 .0135000 100.0000  0
30BUS-  40 BUS-  37  .0593000 .1680000 .0000000 .0210000 100.0000  0
30BUS-  38 BUS-  30  .0046400 .0540000 .0000000 .2110000 100.0000  0
30BUS-  40 BUS-  39  .0184000 .0605000 .0000000 .0077500 200000.0  0
30BUS-  41 BUS-  40  .0145000 .0487000 .0000000 .0061000 200000.0  0
30BUS-  42 BUS-  40  .0555000 .1830000 .0000000 .0233000 100.0000  0
30BUS-  42 BUS-  41  .0410000 .1350000 .0000000 .0172000 100.0000  0
30BUS-  44 BUS-  43  .0608000 .2454000 .0000000 .0303000 800000.0  0
30BUS-  43 BUS-  34  .0413000 .1681000 .0000000 .0211000 600000.0  0
30BUS-  45 BUS-  44  .0224000 .0901000 .0000000 .0112000 100.0000  0
30BUS-  46 BUS-  45  .0400000 .1356000 .0000000 .0166000 100.0000  0
30BUS-  47 BUS-  46  .0380000 .1270000 .0000000 .0158000 100.0000  0
30BUS-  48 BUS-  46  .0601000 .1890000 .0000000 .0236000 100.0000  0
30BUS-  49 BUS-  47  .0191000 .0625000 .0000000 .0080000 400000.0  0
30BUS-  49 BUS-  42  .0715000 .3230000 .0000000 .0430000 100.0000  0
30BUS-  49 BUS-  42A .0715000 .3230000 .0000000 .0430000 100.0000  0
30BUS-  49 BUS-  45  .0684000 .1860000 .0000000 .0222000 100.0000  0
30BUS-  49 BUS-  48  .0179000 .0505000 .0000000 .0062500 800000.0  0
30BUS-  50 BUS-  49  .0267000 .0752000 .0000000 .0093500 400000.0  0
30BUS-  51 BUS-  49  .0486000 .1370000 .0000000 .0171000 100.0000  0
30BUS-  52 BUS-  51  .0203000 .0588000 .0000000 .0069500 600000.0  0
30BUS-  53 BUS-  52  .0405000 .1635000 .0000000 .0202500 800000.0  0
30BUS-  54 BUS-  53  .0263000 .1220000 .0000000 .0155000 100.0000  0
30BUS-  54 BUS-  49  .0730000 .2890000 .0000000 .0369000 100.0000  0
30BUS-  54 BUS-  49A .0869000 .2910000 .0000000 .0365000 100.0000  0
30BUS-  55 BUS-  54  .0169000 .0707000 .0000000 .0101000 100.0000  0
30BUS-  56 BUS-  54  .0027500 .0095500 .0000000 .0036500 200000.0  0
30BUS-  56 BUS-  55  .0048800 .0151000 .0000000 .0018500 400000.0  0
30BUS-  57 BUS-  56  .0343000 .0966000 .0000000 .0121000 100.0000  0
30BUS-  57 BUS-  50  .0474000 .1340000 .0000000 .0166000 100.0000  0
30BUS-  58 BUS-  56  .0343000 .0966000 .0000000 .0121000 100.0000  0
30BUS-  58 BUS-  51  .0255000 .0719000 .0000000 .0089000 800000.0  0
30BUS-  59 BUS-  54  .0503000 .2293000 .0000000 .0299000 100.0000  0
30BUS-  59 BUS-  56  .0825000 .2510000 .0000000 .0284500 100.0000  0
30BUS-  59 BUS-  56A .0803000 .2390000 .0000000 .0268000 100.0000  0
30BUS-  59 BUS-  55  .0473900 .2158000 .0000000 .0282000 600000.0  0
30BUS-  60 BUS-  59  .0317000 .1450000 .0000000 .0188000 100.0000  0
30BUS-  61 BUS-  59  .0328000 .1500000 .0000000 .0194000 100.0000  0
30BUS-  61 BUS-  60  .0026400 .0135000 .0000000 .0072500 600000.0  0
30BUS-  62 BUS-  60  .0123000 .0561000 .0000000 .0073000 800000.0  0
30BUS-  62 BUS-  61  .0082400 .0376000 .0000000 .0049000 100.0000  0
30BUS-  64 BUS-  63  .0017200 .0200000 .0000000 .1080000 100.0000  0
30BUS-  65 BUS-  38  .0090100 .0986000 .0000000 .5230000 100.0000  0
30BUS-  65 BUS-  64  .0026900 .0302000 .0000000 .1900000 100.0000  0
30BUS-  66 BUS-  49  .0180000 .0919000 .0000000 .0124000 100.0000  0
30BUS-  66 BUS-  49A .0180000 .0919000 .0000000 .0124000 100.0000  0
30BUS-  66 BUS-  62  .0482000 .2180000 .0000000 .0289000 100.0000  0
30BUS-  67 BUS-  62  .0258000 .1170000 .0000000 .0155000 100.0000  0
30BUS-  67 BUS-  66  .0224000 .1015000 .0000000 .0134000 200000.0  0
30BUS-  68 BUS-  65  .0013800 .0160000 .0000000 .3190000 100.0000  0
30BUS-  69 BUS-  47  .0844000 .2778000 .0000000 .0354500 200000.0  0
30BUS-  69 BUS-  49  .0985000 .3240000 .0000000 .0414000 100.0000  0
30BUS-  70 BUS-  69  .0300000 .1270000 .0000000 .0610000 100.0000  0
30BUS-  70 BUS-  24  .0022100 .4115000 .0000000 .0509500 800000.0  0
30BUS-  71 BUS-  70  .0088200 .0355000 .0000000 .0043500 800000.0  0
30BUS-  72 BUS-  24  .0488000 .1960000 .0000000 .0244000 100.0000  0
30BUS-  72 BUS-  71  .0446000 .1800000 .0000000 .0222000 400000.0  0
30BUS-  73 BUS-  71  .0086600 .0454000 .0000000 .0058500 800000.0  0
30BUS-  74 BUS-  70  .0401000 .1323000 .0000000 .0168000 800000.0  0
30BUS-  75 BUS-  70  .0428000 .1410000 .0000000 .0180000 100.0000  0
30BUS-  75 BUS-  69  .0405000 .1220000 .0000000 .0620000 100.0000  0
30BUS-  75 BUS-  74  .0123000 .0406000 .0000000 .0051500 400000.0  0
30BUS-  77 BUS-  76  .0444000 .1480000 .0000000 .0184000 100.0000  0
30BUS-  77 BUS-  69  .0309000 .1010000 .0000000 .0519000 100.0000  0
30BUS-  77 BUS-  75  .0601000 .1999000 .0000000 .0248500 800000.0  0
30BUS-  78 BUS-  77  .0037600 .0124000 .0000000 .0063000 400000.0  0
30BUS-  79 BUS-  78  .0054600 .0244000 .0000000 .0032000 800000.0  0
30BUS-  80 BUS-  77  .0170000 .0485000 .0000000 .0236000 100.0000  0
30BUS-  80 BUS-  77A .0294000 .1050000 .0000000 .0114000 100.0000  0
30BUS-  80 BUS-  79  .0156000 .0704000 .0000000 .0093500 100.0000  0
30BUS-  81 BUS-  68  .0017500 .0202000 .0000000 .4040000 100.0000  0
30BUS-  82 BUS-  77  .0298000 .0853000 .0000000 .0408500 400000.0  0
30BUS-  83 BUS-  82  .0112000 .0366500 .0000000 .0189500 600000.0  0
30BUS-  84 BUS-  83  .0625000 .1320000 .0000000 .0129000 100.0000  0
30BUS-  85 BUS-  83  .0430000 .1480000 .0000000 .0174000 100.0000  0
30BUS-  85 BUS-  84  .0302000 .0641000 .0000000 .0061500 400000.0  0
30BUS-  86 BUS-  85  .0350000 .1230000 .0000000 .0138000 100.0000  0
30BUS-  87 BUS-  86  .0282800 .2074000 .0000000 .0222500 100.0000  0
30BUS-  88 BUS-  85  .0200000 .1020000 .0000000 .0138000 100.0000  0
30BUS-  89 BUS-  85  .0239000 .1730000 .0000000 .0235000 100.0000  0
30BUS-  89 BUS-  88  .0139000 .0712000 .0000000 .0096500 400000.0  0
30BUS-  90 BUS-  89  .0518000 .1880000 .0000000 .0264000 100.0000  0
30BUS-  90 BUS-  89A .0238000 .0997000 .0000000 .0530000 100.0000  0
30BUS-  91 BUS-  90  .0254000 .0836000 .0000000 .0107000 100.0000  0
30BUS-  92 BUS-  89  .0099000 .0505000 .0000000 .0274000 100.0000  0
30BUS-  92 BUS-  89A .0393000 .1581000 .0000000 .0207000 100.0000  0
30BUS-  92 BUS-  91  .0387000 .1272000 .0000000 .0163000 800000.0  0
30BUS-  93 BUS-  92  .0258000 .0848000 .0000000 .0109000 100.0000  0
30BUS-  94 BUS-  92  .0481000 .1580000 .0000000 .0203000 100.0000  0
30BUS-  94 BUS-  93  .0223000 .0732000 .0000000 .0093500 600000.0  0
30BUS-  95 BUS-  94  .0132000 .0434000 .0000000 .0055500 100.0000  0
30BUS-  96 BUS-  80  .0356000 .1820000 .0000000 .0247000 100.0000  0
30BUS-  96 BUS-  82  .0162000 .0530000 .0000000 .0272000 100.0000  0
30BUS-  96 BUS-  94  .0269000 .0869000 .0000000 .0115000 100.0000  0
30BUS-  97 BUS-  80  .0183000 .0934000 .0000000 .0127000 100.0000  0
30BUS-  98 BUS-  80  .0238000 .1080000 .0000000 .0143000 100.0000  0
30BUS-  99 BUS-  80  .0454000 .2060000 .0000000 .0273000 100.0000  0
30BUS- 100 BUS-  92  .0648000 .2950000 .0000000 .0236000 100.0000  0
30BUS- 100 BUS-  94  .0178000 .0580000 .0000000 .0302000 100.0000  0
30BUS-  96 BUS-  95  .0171000 .0547000 .0000000 .0073500 400000.0  0
30BUS-  97 BUS-  96  .0173000 .0885000 .0000000 .0120000 100.0000  0
30BUS- 100 BUS-  98  .0397000 .1790000 .0000000 .0238000 100.0000  0
30BUS- 100 BUS-  99  .0180000 .0813000 .0000000 .0108000 100.0000  0
30BUS- 101 BUS- 100  .0277000 .1262000 .0000000 .0164000 100.0000  0
30BUS- 102 BUS-  92  .0123000 .0559000 .0000000 .0073000 400000.0  0
30BUS- 102 BUS- 101  .0246000 .1120000 .0000000 .0147000 100.0000  0
30BUS- 103 BUS- 100  .0160000 .0525000 .0000000 .0268000 100.0000  0
30BUS- 104 BUS- 100  .0451000 .2040000 .0000000 .0270500 100.0000  0
30BUS- 104 BUS- 103  .0466000 .1584000 .0000000 .0203500 100.0000  0
30BUS- 105 BUS- 103  .0535000 .1625000 .0000000 .0204000 100.0000  0
30BUS- 106 BUS- 100  .0605000 .2290000 .0000000 .0310000 100.0000  0
30BUS- 105 BUS- 104  .0099400 .0378000 .0000000 .0049000 600000.0  0
30BUS- 106 BUS- 105  .0140000 .0547000 .0000000 .0071500 400000.0  0
30BUS- 107 BUS- 105  .0530000 .1830000 .0000000 .0236000 100.0000  0
30BUS- 108 BUS- 105  .0261000 .0703000 .0000000 .0092000 400000.0  0
30BUS- 107 BUS- 106  .0530000 .1830000 .0000000 .0236000 100.0000  0
30BUS- 109 BUS- 108  .0105000 .0288000 .0000000 .0038000 100.0000  0
30BUS- 110 BUS- 103  .0390600 .1813000 .0000000 .0230500 100.0000  0
30BUS- 110 BUS- 109  .0278000 .0762000 .0000000 .0101000 100.0000  0
30BUS- 111 BUS- 110  .0220000 .0755000 .0000000 .0100000 100.0000  0
30BUS- 112 BUS- 110  .0247000 .0640000 .0000000 .0310000 100.0000  0
30BUS- 113 BUS-  17  .0091300 .0301000 .0000000 .0038000 800000.0  0
30BUS- 113 BUS-  32  .0615000 .2030000 .0000000 .0259000 100.0000  0
30BUS- 114 BUS-  32  .0135000 .0612000 .0000000 .0081000 800000.0  0
30BUS- 115 BUS-  27  .0164000 .0741000 .0000000 .0098500 200000.0  0
30BUS- 115 BUS- 114  .0023000 .0104000 .0000000 .0013500 600000.0  0
30BUS- 116 BUS-  68  .0003400 .0040500 .0000000 .0820000 100.0000  0
30BUS- 117 BUS-  12  .0329000 .1400000 .0000000 .0179000 100.0000  0
30BUS- 118 BUS-  75  .0145000 .0481000 .0000000 .0059500 800000.0  0
30BUS- 118 BUS-  76  .0164000 .0544000 .0000000 .0067500 600000.0  0
 
41BUS-   8 BUS-   5  .0000000 .0267000 .0000000 .0000000 100.0000 1.015228  0
41BUS-  26 BUS-  25  .0000000 .0382000 .0000000 .0000000 100.0000 1.041667  0
41BUS-  30 BUS-  17  .0000000 .0388000 .0000000 .0000000 100.0000 1.041667  0
41BUS-  38 BUS-  37  .0000000 .0375000 .0000000 .0000000 100.0000 1.069519  0
41BUS-  63 BUS-  59  .0000000 .0386000 .0000000 .0000000 100.0000 1.041667  0
41BUS-  64 BUS-  61  .0000000 .0268000 .0000000 .0000000 100.0000 1.015228  0
41BUS-  65 BUS-  66  .0000000 .0370000 .0000000 .0000000 100.0000 1.069519  0
41BUS-  68 BUS-  69  .0000000 .0370000 .0000000 .0000000 100.0000 1.069519  0
41BUS-  81 BUS-  80  .0000000 .0370000 .0000000 .0000000 100.0000 1.069519  0
 
 
 
 
 
 
 
 
 
