HEADER     22/ 3/ 0 3.2     

B 
9 1 0 0 1 1  0 .0050000                    0            0       1
 
8
 
 
AA 01
 
101BUS-   1                   .0000000 .0000000 .0000000 .0000000 .0000000 .0000000 100.0000    0  0.97063    1.699
101BUS-   2                   .0000000 .0000000 .0000000 .0000000 .0000000 .0000000 100.0000    0  0.98392    2.790
101BUS-   3                   .0000000 .0000000 .0000000 .0000000 .0000000 .0000000 100.0000    0  0.95071    2.883
101BUS-   4                   .0000000 -399.510 .0000000 .0000000 .0000000 .0000000 100.0000    0  1.00000    2.989
101BUS-   5                   500.0000 -232.965 50.00000 30.00000 .0000000 .0000000 100.0000    0  1.03700   10.175
101BUS-   6                   .0000000 .0000000 .0000000 .0000000 .0000000 .0000000 100.0000    0  1.06326    9.423
101BUS-   7                   .0000000 -33.2062 .0000000 .0000000 .0000000 .0000000 100.0000    0  1.10000    8.602
101BUS-   8                   500.0000 -1006.32 .0000000 .0000000 .0000000 .0000000 100.0000    0  0.94300   14.828
101BUS-   9                   .0000000 -86.0393 .0000000 .0000000 .0000000 .0000000 100.0000    0  1.10000    8.815
101BUS-  10                   .0000000 .0000000 50.00000 30.00000 .0000000 .0000000 100.0000    0  1.01770   12.585
101BUS-  11                   .0000000 .0000000 50.00000 32.00000 .0000000 .0000000 100.0000    0  1.06717    8.570
101BUS-  12                   .0000000 .0000000 .0000000 .0000000 .0000000 .0000000 100.0000    0  1.04424    5.704
101BUS-  13                   830.1604 -310.595 1650.000 560.0000 .0000000 .0000000 100.0000    0  1.00000    0.000
 
5  BUS-   4          -99990.0 999900.0 .0000000 100.0000 1
5  BUS-   5          -99990.0 999900.0 .0000000 103.7000 1
5  BUS-   7          -99990.0 999900.0 .0000000 110.0000 1
5  BUS-   8          -99990.0 999900.0 .0000000 94.30000 1
5  BUS-   9          -99990.0 999900.0 .0000000 110.0000 1
5  BUS-  13                            .0000000 100.0000 3
 
30BUS-   3 BUS-   2  .0007400 .0143000 .0000000 2.180000 100.0000  0
30BUS-   5 BUS-   1  .0048100 .0459000 .0000000 1.230000 100.0000  0
30BUS-   5 BUS-   6  .0009000 .0108000 .0000000 .0800000 100.0000  0
30BUS-   7 BUS-   2  .0012100 .0233000 .0000000 3.560000 100.0000  0
30BUS-   6 BUS-   7  .0000000 .0150000 .0000000 .0000000 100.0000  0
30BUS-   8 BUS-   9  .0010500 .0202000 .0000000 3.100000 100.0000  0
30BUS-   9 BUS-  10  .0000000 -.015000 .0000000 .0000000 100.0000  0
30BUS-  10 BUS-  11  .0008600 .0166500 .0000000 2.540000 100.0000  0
30BUS-  11 BUS-  12  .0007500 .0146500 .0000000 2.240000 100.0000  0
30BUS-  12 BUS-   7  .0000000 -.015000 .0000000 .0000000 100.0000  0
 
41BUS-  13 BUS-   1  .0004000 .0085000 .0000000 .0000000 100.0000 .9523810  0
41BUS-  13 BUS-   2  .0004000 .0094700 .0000000 .0000000 100.0000 .9090909  0
41BUS-   4 BUS-   3  .0004000 .0094700 .0000000 .0000000 100.0000 .9090909  0
 