HEADER     22/ 3/ 0 3.2     

B 
9 1 0 0 1 1  0 .0050000                    0            0       1
 
8
 
 
AA 01
 
101BUS-   1                   .0000000 .0000000 .0000000 .0000000 .0000000 .0000000 100.0000    0  1.08100   -4.322
101BUS-   2                   .0000000 .0000000 .0000000 .0000000 .0000000 .0000000 100.0000    0  1.08085   -4.388
101BUS-   3                   .0000000 .0000000 .0000000 .0000000 .0000000 -126.000 100.0000    0  1.10153   -4.024
101BUS-   4                   .0000000 .0000000 .0000000 .0000000 .0000000 -126.000 100.0000    0  1.10153   -4.024
101BUS-   5                   .0000000 .0000000 .0000000 .0000000 .0000000 -126.000 100.0000    0  1.10181   -4.024
101BUS-   6                   .0000000 .0000000 .0000000 .0000000 .0000000 .0000000 100.0000    0  1.04330   -7.837
101BUS-   7                   .0000000 .0000000 .0000000 .0000000 .0000000 .0000000 100.0000    0  1.07631    3.210
101BUS-   8                   .0000000 .0000000 .0000000 .0000000 .0000000 .0000000 100.0000    0  1.11365    1.148
101BUS-   9                   .0000000 .0000000 .0000000 .0000000 .0000000 .0000000 100.0000    0  1.03959   -8.052
101BUS-  10                   .0000000 .0000000 .0000000 .0000000 .0000000 .0000000 100.0000    0  1.03957   -8.053
101BUS-  11                   .0000000 .0000000 .0000000 .0000000 .0000000 .0000000 100.0000    0  1.09367  -10.657
101BUS-  12                   .0000000 .0000000 .0000000 .0000000 .0000000 .0000000 100.0000    0  1.03887   -8.770
101BUS-  13                   .0000000 .0000000 .0000000 .0000000 .0000000 .0000000 100.0000    0  1.09819  -11.430
101BUS-  14                   .0000000 .0000000 .0000000 .0000000 .0000000 .0000000 100.0000    0  1.03853   -9.178
101BUS-  15                   .0000000 .0000000 .0000000 .0000000 .0000000 -126.000 100.0000    0  1.06831   -9.811
101BUS-  16                   .0000000 .0000000 .0000000 .0000000 .0000000 -126.000 100.0000    0  1.06864   -9.865
101BUS-  17                   .0000000 .0000000 .0000000 .0000000 .0000000 -250.000 100.0000    0  1.00124   -9.441
101BUS-  18                   .0000000 .0000000 .0000000 .0000000 .0000000 -126.000 100.0000    0  1.07465  -10.881
101BUS-  19                   .0000000 .0000000 .0000000 .0000000 .0000000 -58.0000 100.0000    0  1.07082  -10.960
101BUS-  20                   .0000000 .0000000 .0000000 .0000000 .0000000 .0000000 100.0000    0  1.11306  -10.959
101BUS-  21                   .0000000 .0000000 .0000000 .0000000 .0000000 .0000000 100.0000    0  1.10856  -11.242
101BUS-  22                   .0000000 .0000000 .0000000 .0000000 .0000000 .0000000 100.0000    0  1.03105   -3.884
101BUS-  23                   .0000000 .0000000 .0000000 .0000000 .0000000 .0000000 100.0000    0  1.09786   -5.510
101BUS-  24                   .0000000 .0000000 .0000000 .0000000 .0000000 .0000000 100.0000    0  1.02722    2.305
101BUS-  25                   .0000000 .0000000 .0000000 .0000000 .0000000 .0000000 100.0000    0  1.03796   -9.871
101BUS-  26                   .0000000 .0000000 .0000000 .0000000 .0000000 .0000000 100.0000    0  1.08944  -11.375
101BUS-  27                   .0000000 .0000000 .0000000 .0000000 .0000000 .0000000 100.0000    0  1.03885  -13.074
101BUS-  28                   .0000000 .0000000 .0000000 .0000000 .0000000 -126.000 100.0000    0  1.07622  -15.279
101BUS-  29                   .0000000 .0000000 .0000000 .0000000 .0000000 -126.000 100.0000    0  1.07461  -15.442
101BUS-  30                   .0000000 .0000000 .0000000 .0000000 .0000000 .0000000 100.0000    0  1.07308   -5.350
101BUS-  31                   .0000000 .0000000 .0000000 .0000000 .0000000 .0000000 100.0000    0  1.09053  -11.814
101BUS-  32                   .0000000 .0000000 .0000000 .0000000 .0000000 .0000000 100.0000    0  1.09371  -10.665
101BUS-  33                   .0000000 .0000000 .0000000 .0000000 .0000000 .0000000 100.0000    0  1.13925   -4.062
101BUS-  34                   .0000000 .0000000 45.05000 46.56000 .0000000 .0000000 100.0000    0  1.13871   -4.003
101BUS-  35                   .0000000 .0000000 49.19000 27.53000 .0000000 .0000000 100.0000    0  1.13900   -4.081
101BUS-  36                   .0000000 .0000000 .0000000 .0000000 .0000000 .0000000 100.0000    0  1.13854   -3.815
101BUS-  37                   .0000000 .0000000 .0000000 .0000000 .0000000 .0000000 100.0000    0  1.12352   -6.233
101BUS-  38                   .0000000 .0000000 .0000000 .0000000 .0000000 .0000000 100.0000    0  1.13058   -5.293
101BUS-  39                   .0000000 .0000000 .0000000 .0000000 .0000000 .0000000 100.0000    0  1.12696   -7.916
101BUS-  40                   .0000000 .0000000 .0000000 .0000000 .0000000 .0000000 100.0000    0  1.12694   -7.921
101BUS-  41                   .0000000 .0000000 .0000000 .0000000 54000.00 -10.0000 100.0000    0  1.11884  -10.432
101BUS-  42                   .0000000 .0000000 .0000000 .0000000 54800.00 -10.0000 100.0000    0  1.11881  -10.446
101BUS-  43                   .0000000 .0000000 .0000000 .0000000 .0000000 .0000000 100.0000    0  1.11894  -10.404
101BUS-  44                   .0000000 .0000000 .0000000 .0000000 .0000000 .0000000 100.0000    0  1.11892  -10.418
101BUS-  45                   .0000000 .0000000 .0000000 .0000000 .0000000 .0000000 100.0000    0  1.11729  -11.415
101BUS-  46                   .0000000 .0000000 .0000000 .0000000 .0000000 .0000000 100.0000    0  1.11730  -11.410
101BUS-  47                   .0000000 .0000000 .0000000 .0000000 15200.00 5.370000 100.0000    0  1.12753   -6.726
101BUS-  48                   .0000000 .0000000 .0000000 .0000000 13800.00 5.200000 100.0000    0  1.12783   -6.706
101BUS-  49                   .0000000 .0000000 .0000000 .0000000 .0000000 .0000000 100.0000    0  1.12790   -6.697
101BUS-  50                   .0000000 .0000000 .0000000 .0000000 .0000000 .0000000 100.0000    0  1.12761   -6.716
101BUS-  51                   .0000000 .0000000 58.45000 28.44000 .0000000 .0000000 100.0000    0  1.11240  -10.160
101BUS-  52                   .0000000 .0000000 .0000000 .0000000 23000.00 -9.70000 100.0000    0  1.11178  -11.132
101BUS-  53                   .0000000 .0000000 .0000000 .0000000 23200.00 -9.70000 100.0000    0  1.11178  -11.134
101BUS-  54                   .0000000 .0000000 .0000000 .0000000 18800.00 -9.30000 100.0000    0  1.11311  -11.786
101BUS-  55                   .0000000 .0000000 .0000000 .0000000 18700.00 -9.20000 100.0000    0  1.11312  -11.786
101BUS-  56                   .0000000 .0000000 .0000000 .0000000 18600.00 -7.50000 100.0000    0  1.10716   -9.943
101BUS-  57                   .0000000 .0000000 .0000000 .0000000 18800.00 -7.00000 100.0000    0  1.10720   -9.944
101BUS-  58                   .0000000 .0000000 76.30000 -10.8000 121000.0 140.0000 100.0000    0  1.10666   -9.764
101BUS-  59                   .0000000 .0000000 .0000000 .0000000 508000.0 8.630000 100.0000    0  1.11645  -10.843
101BUS-  60                   51.00000 32.91705 .0000000 .0000000 201000.0 165.0000 100.0000    0  1.13700   -6.367
101BUS-  61                   .0000000 .0000000 .0000000 .0000000 .0000000 149.0000 100.0000    0  1.11443  -11.891
101BUS-  62                   .0000000 .0000000 .0000000 .0000000 .0000000 .0000000 100.0000    0  1.05660  -14.469
101BUS-  63                   .0000000 .0000000 .0000000 .0000000 822999.9 525.0000 100.0000    0  1.11092  -13.980
101BUS-  64                   .0000000 .0000000 .0000000 .0000000 123000.0 -26.0000 100.0000    0  1.09800   -9.288
101BUS-  65                   .0000000 .0000000 .0000000 .0000000 124000.0 -26.0000 100.0000    0  1.09798   -9.290
101BUS-  66                   .0000000 .0000000 102.2000 26.70000 216000.0 1897.000 100.0000    0  1.11289    1.318
101BUS-  67                   1486.000 285.1893 .0000000 .0000000 1821000. 1280.000 100.0000    0  1.09000   -5.658
101BUS-  68                   .0000000 .0000000 .0000000 -7.41000 56300.00 -25.0000 100.0000    0  1.20860  -30.986
101BUS-  69                   .0000000 .0000000 .0000000 .0000000 971000.0 -144.000 100.0000    0  1.09675  -10.417
101BUS-  70                   .0000000 .0000000 .0000000 56.63000 103000.0 -86.0000 100.0000    0  0.99983  -14.167
101BUS-  71                   .0000000 .0000000 .0000000 -21.2000 106000.0 -122.000 100.0000    0  1.02748  -14.261
101BUS-  72                   .0000000 .0000000 .0000000 .0000000 1019000. 24.60000 100.0000    0  1.10072  -11.195
101BUS-  73                   .0000000 .0000000 .0000000 .0000000 1222000. 841.0000 100.0000    0  1.09752  -11.060
101BUS-  74                   .0000000 .0000000 81.90000 43.70000 857000.0 574.0000 100.0000    0  1.09727  -11.461
101BUS-  75                   .0000000 .0000000 .0000000 .0000000 387000.0 199.0000 100.0000    0  1.11787  -15.188
101BUS-  76                   .0000000 .0000000 .0000000 .0000000 -667000. -185.000 100.0000    0  1.02088    5.536
101BUS-  77                   .0000000 .0000000 .0000000 .0000000 .0000000 -125.000 100.0000    0  0.98796    6.721
101BUS-  78                   .0000000 .0000000 89.00000 26.80000 .0000000 .0000000 100.0000    0  1.07398   -5.189
101BUS-  79                   250.2000 -15.9503 9.100000 3.000000 238000.0 27.10000 100.0000    0  1.05200   -9.511
101BUS-  80                   47.00000 -15.0649 17.10000 5.000000 -80.0000 29.90000 100.0000    0  1.06900   -8.211
101BUS-  81                   .0000000 .0000000 82.20000 -93.1000 70000.00 -47.0000 100.0000    0  1.13039  -25.865
101BUS-  82                   70.00000 17.15377 2.100000 1.100000 111000.0 -28.0000 100.0000    0  0.97500  -18.664
101BUS-  83                   .0000000 .0000000 .0000000 .0000000 105000.0 -.420000 100.0000    0  1.09849   -5.381
101BUS-  84                   .0000000 .0000000 24.30000 8.200000 .0000000 .0000000 100.0000    0  1.11558   -9.439
101BUS-  85                   .0000000 .0000000 27.40000 .3000000 .0000000 .0000000 100.0000    0  1.11649  -13.046
101BUS-  86                   .0000000 .0000000 .0000000 .0000000 292000.0 -22.0000 100.0000    0  1.05669  -14.010
101BUS-  87                   .0000000 .0000000 .0000000 .0000000 37700.00 -47.0000 100.0000    0  1.06515   -7.172
101BUS-  88                   .0000000 .0000000 69.00000 20.90000 .0000000 .0000000 100.0000    0  1.10942   -8.345
101BUS-  89                   673.0000 136.3898 .6000000 .2000000 678000.0 71.10001 100.0000    0  1.06600    3.684
101BUS-  90                   22.00000 -3.86510 4.600000 1.500000 29500.00 -19.0000 100.0000    0  0.95000   -7.354
101BUS-  91                   64.00000 -1.53911 .0000000 .0000000 19300.00 -27.0000 100.0000    0  1.00000   -9.277
101BUS-  92                   .0000000 .0000000 .0000000 31.02000 43400.00 -43.0000 100.0000    0  0.95612  -12.752
101BUS-  93                   700.0000 373.7996 100.4000 73.20000 .0000000 .0000000 100.0000    0  1.00000   -1.919
101BUS-  94                   300.0000 19.05378 15.40000 7.600000 140000.0 -141.000 100.0000    0  1.02000   -0.742
101BUS-  95                   131.0000 10.12185 6.700000 2.200000 27200.00 -58.0000 100.0000    0  0.92000   18.881
101BUS-  96                   60.00000 21.10870 .0000000 .0000000 47800.00 -45.0000 100.0000    0  1.00000   -8.977
101BUS-  97                   140.0000 45.62644 .0000000 .0000000 129000.0 -177.000 100.0000    0  0.96700   -4.345
101BUS-  98                   426.0000 -32.7254 .0000000 .0000000 82100.00 -121.000 100.0000    0  0.97000    5.186
101BUS-  99                   200.0000 -8.34071 10.46000 5.230000 .0000000 .0000000 100.0000    0  1.00000    1.097
101BUS- 100                   170.0000 58.71719 .0000000 .0000000 59100.00 -101.000 100.0000    0  1.01400    0.702
101BUS- 101                   310.9000 148.6595 17.80000 4.500000 64700.01 -238.000 100.0000    0  1.03900   -6.090
101BUS- 102                   2040.000 488.8988 37.60000 9.200000 458000.0 -619.000 100.0000    0  1.01900   -4.764
101BUS- 103                   135.0000 4.958097 .0000000 .0000000 62400.00 -45.0000 100.0000    0  1.00000    1.513
101BUS- 104                   2000.000 500.0000 30.20000 7.600000 .0000000 .0000000 100.0000    0  1.00591   13.676
101BUS- 105                   1620.000 388.3433 96.00000 167.4000 24200.00 -999.000 100.0000    0  1.00700   -2.795
101BUS- 106                   1080.000 209.3612 64.00000 16.00000 36900.00 -719.000 100.0000    0  1.00500   -2.750
101BUS- 107                   .0000000 .0000000 -17.5000 -12.8000 28800.00 -22.0000 100.0000    0  1.02108  -13.575
101BUS- 108                   800.0000 77.28365 .0000000 .0000000 520000.0 -244.000 100.0000    0  1.01400  -14.031
101BUS- 109                   52.00000 -15.5514 .0000000 .0000000 84500.00 -47.0000 100.0000    0  0.91500  -18.455
101BUS- 110                   700.0000 519.8331 100.4000 73.20000 .0000000 .0000000 100.0000    0  1.00000   -1.308
101BUS- 111                   2000.000 563.7155 60.40000 1166.000 23300.00 -999.000 100.0000    0  1.00000    7.971
101BUS- 112                   300.0000 140.1090 18.60000 4.600000 64300.00 -236.000 100.0000    0  1.03700   -6.264
101BUS- 113                   .0000000 .0000000 .0000000 .0000000 .0000000 .0000000 100.0000    0  0.97797   -4.388
101BUS- 114                   .0000000 .0000000 .0000000 .0000000 .0000000 .0000000 100.0000    0  0.97797   -4.388
101BUS- 115                   2493.000 142.7281 683.5000 184.7000 2856000. 9.410000 100.0000    0  1.04900  -15.611
101BUS- 116                   2713.000 631.8380 792.6000 315.5000 1930000. -195.000 100.0000    0  1.04300  -16.862
101BUS- 117                   2627.000 258.5500 485.3000 71.40000 2410000. -54.0000 100.0000    0  1.03000  -15.324
101BUS- 118                   4220.000 660.3636 651.9000 328.4000 4788000. -979.000 100.0000    0  1.01000  -17.793
101BUS- 119                   8954.000 4748.496 2094.000 3774.000 9999000. -999.000 100.0000    0  1.01300  -59.412
101BUS- 120                   .0000000 .0000000 -408.000 175.1000 2026000. 855.0000 100.0000    0  1.03311  -51.605
101BUS- 121                   2997.000 -160.211 237.7000 -17.3000 306000.0 1055.000 100.0000    0  1.04600  -20.196
101BUS- 122                   1009.000 174.0425 29.20000 7.000000 397000.0 -61.0000 100.0000    0  1.00000   -2.789
101BUS- 123                   .0000000 .0000000 -84.0000 -19.0000 118000.0 1.400000 100.0000    0  1.01712  -33.123
101BUS- 124                   3005.000 569.2053 94.10000 780.3000 766000.0 -999.000 100.0000    0  1.00000   -1.886
101BUS- 125                   .0000000 .0000000 -712.000 -319.000 2831000. -71.0000 100.0000    0  1.00838  -32.594
101BUS- 126                   .0000000 .0000000 -333.000 -160.000 1604000. 347.0000 100.0000    0  1.05238  -73.900
101BUS- 127                   .0000000 .0000000 -546.000 -72.0000 305000.0 -51.0000 100.0000    0  1.00696  -36.400
101BUS- 128                   12963.00 2610.823 4075.000 703.5000 5252000. -472.000 100.0000    0  1.02500  -39.706
101BUS- 129                   .0000000 .0000000 -482.000 -122.000 3855000. 387.0000 100.0000    0  0.98019  -73.073
101BUS- 130                   5937.000 1834.953 4328.000 944.3000 3830000. -91.0000 100.0000    0  1.05700  -51.865
101BUS- 131                   28300.00 7473.066 21840.00 4320.000 5145000. -780.000 100.0000    0  1.04200  -24.317
101BUS- 132                   3095.000 633.4192 491.9000 110.2000 1239000. -226.000 100.0000    0  1.04200   -7.242
101BUS- 133                   .0000000 .0000000 -83.0000 -36.3000 103000.0 -5.90000 100.0000    0  1.09222  -11.599
101BUS- 134                   20626.00 7402.150 22309.00 7402.000 -141000. -78.0000 100.0000    0  1.04400  -10.821
101BUS- 135                   5982.000 1564.839 4298.000 1264.000 -999000. 835.0001 100.0000    0  1.10700   29.044
101BUS- 136                   51950.00 14453.50 52951.00 13552.00 -999000. 375.0000 100.0000    0  1.08300    4.388
101BUS- 137                   12068.00 3450.757 12946.00 2608.000 499000.0 -219.000 100.0000    0  1.06400  -72.731
101BUS- 138                   .0000000 .0000000 -363.000 -188.000 433000.0 -81.0000 100.0000    0  1.11379   12.011
101BUS- 139                   56834.00 15849.65 57718.00 13936.00 1609000. -999.000 100.0000    0  1.04000  -10.557
101BUS- 140                   23123.00 6710.473 24775.00 6676.000 -289000. -77.0000 100.0000    0  1.05000  -26.164
101BUS- 141                   37911.00 11669.51 32799.00 11361.00 5212000. -999.000 100.0000    0  1.05300   -9.120
101BUS- 142                   24449.00 5496.139 17737.00 3934.000 4323000. 2210.000 100.0000    0  1.15500  -10.732
101BUS- 143                   5254.000 2158.625 4672.000 1709.000 586000.0 -999.000 100.0000    0  1.03100  -13.664
101BUS- 144                   11397.00 2686.845 9602.000 2203.000 -436000. -999.000 100.0000    0  0.99700   -8.577
101BUS- 145                   14118.64 2987.151 9173.000 1555.000 -999000. 457.0000 100.0000    0  1.05200    5.020
 
5  BUS-  60          -20.4000 53.40000 .0000000 113.7000 1
5  BUS-  67          -594.000 891.6000 .0000000 109.0000 1
5  BUS-  79          -100.000 150.1000 .0000000 105.2000 1
5  BUS-  80          -18.8000 28.20000 .0000000 106.9000 1
5  BUS-  82          -28.0000 42.00000 .0000000 97.50000 1
5  BUS-  89          -269.000 403.8000 .0000000 106.6000 1
5  BUS-  90          -8.80000 13.20000 .0000000 95.00000 1
5  BUS-  91          -25.6000 38.40000 .0000000 100.0000 1
5  BUS-  93          -520.000 766.0000 .0000000 100.0000 1
5  BUS-  94          -192.000 288.0000 .0000000 102.0000 1
5  BUS-  95          -72.4000 108.6000 .0000000 92.00000 1
5  BUS-  96          -24.0000 36.00000 .0000000 100.0000 1
5  BUS-  97          -56.0000 84.00000 .0000000 96.70000 1
5  BUS-  98          -170.000 255.6000 .0000000 97.00000 1
5  BUS-  99          -110.000 110.0000 .0000000 100.0000 1
5  BUS- 100          -68.0000 102.0000 .0000000 101.4000 1
5  BUS- 101          -124.000 186.5000 .0000000 103.9000 1
5  BUS- 102          .0000000 640.0000 .0000000 101.9000 1
5  BUS- 103          -54.0000 81.00000 .0000000 100.0000 1
5  BUS- 104          .0000000 500.0000 .0000000 104.5000 1
5  BUS- 105          .0000000 1008.000 .0000000 100.7000 1
5  BUS- 106          .0000000 671.0000 .0000000 100.5000 1
5  BUS- 108          -320.000 480.0000 .0000000 101.4000 1
5  BUS- 109          -20.8000 31.20000 .0000000 91.50000 1
5  BUS- 110          .0000000 766.0000 .0000000 100.0000 1
5  BUS- 111          .0000000 1000.000 .0000000 100.0000 1
5  BUS- 112          .0000000 160.0000 .0000000 103.7000 1
5  BUS- 115          -997.000 1496.000 .0000000 104.9000 1
5  BUS- 116          -1085.00 1628.000 .0000000 104.3000 1
5  BUS- 117          -1051.00 1576.000 .0000000 103.0000 1
5  BUS- 118          -1688.00 2532.000 .0000000 101.0000 1
5  BUS- 119          -3582.00 5373.000 .0000000 101.3000 1
5  BUS- 121          -1199.00 1798.000 .0000000 104.6000 1
5  BUS- 122          -404.000 605.4000 .0000000 100.0000 1
5  BUS- 124          -1202.00 1803.000 .0000000 100.0000 1
5  BUS- 128          -5185.00 7778.000 .0000000 102.5000 1
5  BUS- 130          -2375.00 3562.000 .0000000 105.7000 1
5  BUS- 131          -9999.00 16980.00 .0000000 104.2000 1
5  BUS- 132          -1238.00 1857.000 .0000000 104.2000 1
5  BUS- 134          -8250.00 12375.00 .0000000 104.4000 1
5  BUS- 135          -2393.00 3589.000 .0000000 110.7000 1
5  BUS- 136          -9999.00 31170.00 .0000000 108.3000 1
5  BUS- 137          -4827.00 7241.000 .0000000 106.4000 1
5  BUS- 139          -9999.00 34100.00 .0000000 104.0000 1
5  BUS- 140          -9249.00 13874.00 .0000000 105.0000 1
5  BUS- 141          -9999.00 22747.00 .0000000 105.3000 1
5  BUS- 142          -9780.00 14670.00 .0000000 115.5000 1
5  BUS- 143          -2101.00 3152.000 .0000000 103.1000 1
5  BUS- 144          -4559.00 6838.000 .0000000 99.70000 1
5  BUS- 145                            5.020000 105.2000 3
 
30BUS-   2 BUS-   11 .0000300 .0008000 .0000000 .0316000 100.0000  0
30BUS-   2 BUS-   1A .0000300 .0008000 .0000000 .0316000 100.0000  0
30BUS-   6 BUS-   11 .0019400 .0209000 .0000000 1.189600 100.0000  0
30BUS-   6 BUS-   21 .0019400 .0209000 .0000000 1.189600 100.0000  0
30BUS-  33 BUS-   31 .0002000 .0221000 .0000000 .0000000 100.0000  0
30BUS-  33 BUS-   41 .0002000 .0221000 .0000000 .0000000 100.0000  0
30BUS-  33 BUS-   51 .0002000 .0219000 .0000000 .0000000 100.0000  0
30BUS-   7 BUS-   61 .0012900 .0139000 .0000000 .7326000 100.0000  0
30BUS-   9 BUS-   61 .0001600 .0017000 .0000000 .0876000 100.0000  0
30BUS-  10 BUS-   61 .0001600 .0017000 .0000000 .0876000 100.0000  0
30BUS-  12 BUS-   61 .0002000 .0021000 .0000000 .4388000 100.0000  0
30BUS-  12 BUS-   6A .0002000 .0021000 .0000000 .4388000 100.0000  0
30BUS-  66 BUS-   81 .0002000 .0299000 .0000000 .0000000 100.0000  0
30BUS-  66 BUS-   8A .0002000 .0221000 .0000000 .0000000 100.0000  0
30BUS-  69 BUS-  111 .0002000 .0262000 .0000000 .0000000 100.0000  0
30BUS-  14 BUS-  121 .0009600 .0091000 .0000000 .4278000 100.0000  0
30BUS-  14 BUS-  12A .0009600 .0091000 .0000000 .4278000 100.0000  0
30BUS-  25 BUS-  121 .0005100 .0055000 .0000000 .3125000 100.0000  0
30BUS-  25 BUS-  12A .0005100 .0055000 .0000000 .3125000 100.0000  0
30BUS-  72 BUS-  131 .0002000 .0260000 .0000000 .0000000 100.0000  0
30BUS-  72 BUS-  13A .0003000 .0262000 .0000000 .0000000 100.0000  0
30BUS-  72 BUS-  13B .0002000 .0260000 .0000000 .0000000 100.0000  0
30BUS-  17 BUS-  141 .0033900 .0367000 .0000000 1.729100 100.0000  0
30BUS-  17 BUS-  14A .0035200 .0367000 .0000000 1.725800 100.0000  0
30BUS-  58 BUS-  151 .0002000 .0255000 .0000000 .0000000 100.0000  0
30BUS-  58 BUS-  161 .0002000 .0220000 .0000000 .0000000 100.0000  0
30BUS-  22 BUS-  171 .0022800 .0276000 .0000000 1.310200 100.0000  0
30BUS-  59 BUS-  181 .0002000 .0298000 .0000000 .0000000 100.0000  0
30BUS-  59 BUS-  191 .0000000 .0629000 .0000000 .0000000 100.0000  0
30BUS-  59 BUS-  201 .0000000 .0638000 .0000000 .0000000 100.0000  0
30BUS-  59 BUS-  211 .0002000 .0329000 .0000000 .0000000 100.0000  0
30BUS-  24 BUS-  221 .0017300 .0208000 .0000000 .9824000 100.0000  0
30BUS-  83 BUS-  231 .0004000 .0595000 .0000000 .0000000 100.0000  0
30BUS-  83 BUS-  23A .0003000 .0597000 .0000000 .0000000 100.0000  0
30BUS-  27 BUS-  251 .0023000 .0266000 .0000000 1.525400 100.0000  0
30BUS-  27 BUS-  25A .0023000 .0266000 .0000000 1.525400 100.0000  0
30BUS-  73 BUS-  261 .0003000 .0267000 .0000000 .0000000 100.0000  0
30BUS-  75 BUS-  281 .0002000 .0290000 .0000000 .0000000 100.0000  0
30BUS-  75 BUS-  291 .0002000 .0269000 .0000000 .0000000 100.0000  0
30BUS-  78 BUS-  301 .0000000 .0335000 .0000000 .0000000 100.0000  0
30BUS-  74 BUS-  311 .0003000 .0279000 .0000000 .0000000 100.0000  0
30BUS-  69 BUS-  321 .0002000 .0265000 .0000000 .0000000 100.0000  0
30BUS-  34 BUS-  331 .0000600 .0009000 .0000000 .0003000 100.0000  0
30BUS-  35 BUS-  331 .0000600 .0009000 .0000000 .0003000 100.0000  0
30BUS-  37 BUS-  331 .0099600 .0707000 .0000000 .0558000 100.0000  0
30BUS-  38 BUS-  331 .0099500 .0693000 .0000000 .0555000 100.0000  0
30BUS-  39 BUS-  331 .0085000 .0699000 .0000000 .0503000 100.0000  0
30BUS-  40 BUS-  331 .0084900 .0698000 .0000000 .0502000 100.0000  0
30BUS-  49 BUS-  331 .0056000 .0493000 .0000000 .0389000 100.0000  0
30BUS-  50 BUS-  331 .0056000 .0493000 .0000000 .0389000 100.0000  0
30BUS-  36 BUS-  341 .0002500 .0022000 .0000000 .0003000 100.0000  0
30BUS-  88 BUS-  371 .0031000 .1651000 .0000000 .0000000 100.0000  0
30BUS-  88 BUS-  381 .0031000 .1638000 .0000000 .0000000 100.0000  0
30BUS-  43 BUS-  391 .0060200 .0495000 .0000000 .0356000 100.0000  0
30BUS-  84 BUS-  391 .0072200 .2786000 .0000000 .0000000 100.0000  0
30BUS-  44 BUS-  401 .0060300 .0496000 .0000000 .0357000 100.0000  0
30BUS-  84 BUS-  401 .0072900 .2756000 .0000000 .0000000 100.0000  0
30BUS-  42 BUS-  411 .0005000 .1514000 .0000000 .0000000 100.0000  0
30BUS-  43 BUS-  411 .0000100 .0009000 .0000000 .0003000 100.0000  0
30BUS-  44 BUS-  421 .0000100 .0009000 .0000000 .0003000 100.0000  0
30BUS-  46 BUS-  431 .0061800 .0508000 .0000000 .0366000 100.0000  0
30BUS-  45 BUS-  441 .0061800 .0508000 .0000000 .0366000 100.0000  0
30BUS-  61 BUS-  451 .0044500 .0366000 .0000000 .0263000 100.0000  0
30BUS-  85 BUS-  451 .0000000 .2600000 .0000000 .0000000 100.0000  0
30BUS-  61 BUS-  461 .0044500 .0366000 .0000000 .0263000 100.0000  0
30BUS-  85 BUS-  461 .0000000 .2592000 .0000000 .0000000 100.0000  0
30BUS-  48 BUS-  471 -.010000 .2306000 .0000000 .0000000 100.0000  0
30BUS-  50 BUS-  471 .0000100 .0009000 .0000000 .0003000 100.0000  0
30BUS-  87 BUS-  471 .0831000 .4010000 .0000000 .0000000 100.0000  0
30BUS-  49 BUS-  481 .0000100 .0009000 .0000000 .0003000 100.0000  0
30BUS-  87 BUS-  481 .0998000 .4360000 .0000000 .0000000 100.0000  0
30BUS-  51 BUS-  491 .0089800 .0790000 .0000000 .0624000 100.0000  0
30BUS-  51 BUS-  501 .0089800 .0790000 .0000000 .0624000 100.0000  0
30BUS-  52 BUS-  511 .0029000 .0279000 .0000000 .0233000 100.0000  0
30BUS-  53 BUS-  511 .0029000 .0279000 .0000000 .0233000 100.0000  0
30BUS-  56 BUS-  511 .0075900 .0483000 .0000000 .0356000 100.0000  0
30BUS-  57 BUS-  511 .0075900 .0483000 .0000000 .0356000 100.0000  0
30BUS-  53 BUS-  521 -.006700 .3911000 .0000000 .0000000 100.0000  0
30BUS-  54 BUS-  521 .0047000 .0293000 .0000000 .0231000 100.0000  0
30BUS-  55 BUS-  531 .0047000 .0293000 .0000000 .0231000 100.0000  0
30BUS-  55 BUS-  541 -.055300 .9289000 .0000000 .0000000 100.0000  0
30BUS-  61 BUS-  541 .0014100 .0087000 .0000000 .0069000 100.0000  0
30BUS-  61 BUS-  551 .0014100 .0087000 .0000000 .0069000 100.0000  0
30BUS-  57 BUS-  561 -.009000 .3895000 .0000000 .0000000 100.0000  0
30BUS-  58 BUS-  561 .0019000 .0120000 .0000000 .0089000 100.0000  0
30BUS-  58 BUS-  571 .0019000 .0120000 .0000000 .0089000 100.0000  0
30BUS-  59 BUS-  581 .6674000 2.217500 .0000000 .0000000 100.0000  0
30BUS-  72 BUS-  581 .0302000 .2364000 .0000000 .0000000 100.0000  0
30BUS-  87 BUS-  581 .0863000 .3906000 .0000000 .0000000 100.0000  0
30BUS-  98 BUS-  581 .0131000 .1765000 .0000000 .0000000 100.0000  0
30BUS- 100 BUS-  581 .1193000 1.269000 .0000000 .0000000 100.0000  0
30BUS- 103 BUS-  581 .8416000 5.538300 .0000000 .0000000 100.0000  0
30BUS-  60 BUS-  591 -.180300 5.965900 .0000000 .0000000 100.0000  0
30BUS-  72 BUS-  591 .8613000 3.048500 .0000000 .0000000 100.0000  0
30BUS-  79 BUS-  591 .0099000 .2644000 .0000000 .0000000 100.0000  0
30BUS-  80 BUS-  591 .2876000 2.389800 .0000000 .0000000 100.0000  0
30BUS-  89 BUS-  591 .3421000 9.057100 .0000000 .0000000 100.0000  0
30BUS-  92 BUS-  591 -.007000 .5678000 .0000000 .0000000 100.0000  0
30BUS-  94 BUS-  591 .7041000 5.988500 .0000000 .0000000 100.0000  0
30BUS-  98 BUS-  591 .1060000 .5845000 .0000000 .0000000 100.0000  0
30BUS- 100 BUS-  591 .0183000 .2016000 .0000000 .0000000 100.0000  0
30BUS- 103 BUS-  591 .0368000 .3341000 .0000000 .0000000 100.0000  0
30BUS- 107 BUS-  591 .0372000 .8834000 .0000000 .0000000 100.0000  0
30BUS- 135 BUS-  601 -1.83100 9.796400 .0000000 .0000000 100.0000  0
30BUS-  79 BUS-  601 -.037500 1.106800 .0000000 .0000000 100.0000  0
30BUS-  80 BUS-  601 .0655000 2.644100 .0000000 .0000000 100.0000  0
30BUS-  90 BUS-  601 -.020100 1.513500 .0000000 .0000000 100.0000  0
30BUS-  92 BUS-  601 -.264000 3.713900 .0000000 .0000000 100.0000  0
30BUS-  94 BUS-  601 .0012000 .0775000 .0000000 .0000000 100.0000  0
30BUS-  95 BUS-  601 -.085500 .9926000 .0000000 .0000000 100.0000  0
30BUS- 138 BUS-  601 -.363900 1.793600 .0000000 .0000000 100.0000  0
30BUS-  63 BUS-  611 .0081200 .0782000 .0000000 .0659000 100.0000  0
30BUS-  63 BUS-  61A .0081200 .0782000 .0000000 .0659000 100.0000  0
30BUS-  64 BUS-  611 .0024200 .0318000 .0000000 .0284000 100.0000  0
30BUS-  65 BUS-  611 .0024200 .0318000 .0000000 .0284000 100.0000  0
30BUS-  86 BUS-  621 .0036000 .0501000 .0000000 .0000000 100.0000  0
30BUS-  86 BUS-  62A .0013000 .0838000 .0000000 .0000000 100.0000  0
30BUS-  64 BUS-  631 .0147000 .2825000 .0000000 .0000000 100.0000  0
30BUS-  65 BUS-  631 .0147000 .2813000 .0000000 .0000000 100.0000  0
30BUS-  66 BUS-  631 .0056000 .0900000 .0000000 .0000000 100.0000  0
30BUS-  67 BUS-  631 .0321000 .2785000 .0000000 .0000000 100.0000  0
30BUS-  69 BUS-  631 .0107000 .1571000 .0000000 .0000000 100.0000  0
30BUS- 102 BUS-  631 .0106000 .1583000 .0000000 .0000000 100.0000  0
30BUS- 102 BUS-  63A .0106000 .1576000 .0000000 .0000000 100.0000  0
30BUS- 102 BUS-  63B .0107000 .1604000 .0000000 .0000000 100.0000  0
30BUS- 102 BUS-  63C .0104000 .1542000 .0000000 .0000000 100.0000  0
30BUS- 116 BUS-  631 -.389700 6.858800 .0000000 .0000000 100.0000  0
30BUS- 117 BUS-  631 .0030000 .0560000 .0000000 .0000000 100.0000  0
30BUS- 118 BUS-  631 -.012500 .2425000 .0000000 .0000000 100.0000  0
30BUS- 124 BUS-  631 -.126500 2.022000 .0000000 .0000000 100.0000  0
30BUS-  65 BUS-  641 .0013000 .1674000 .0000000 .0000000 100.0000  0
30BUS-  66 BUS-  641 .0039000 .0684000 .0000000 .0000000 100.0000  0
30BUS-  67 BUS-  641 .0233000 .2120000 .0000000 .0000000 100.0000  0
30BUS-  69 BUS-  641 .0075000 .1196000 .0000000 .0000000 100.0000  0
30BUS-  97 BUS-  641 -.433600 8.292300 .0000000 .0000000 100.0000  0
30BUS- 124 BUS-  641 -.104100 1.537500 .0000000 .0000000 100.0000  0
30BUS-  66 BUS-  651 .0039000 .0682000 .0000000 .0000000 100.0000  0
30BUS-  67 BUS-  651 .0233000 .2111000 .0000000 .0000000 100.0000  0
30BUS-  69 BUS-  651 .0075000 .1191000 .0000000 .0000000 100.0000  0
30BUS-  97 BUS-  651 -.429200 8.258200 .0000000 .0000000 100.0000  0
30BUS- 124 BUS-  651 -.103200 1.531200 .0000000 .0000000 100.0000  0
30BUS-  67 BUS-  661 .0081000 .0675000 .0000000 .0000000 100.0000  0
30BUS-  68 BUS-  661 -2.47300 2.472000 .0000000 .0000000 100.0000  0
30BUS-  69 BUS-  661 .0028000 .0381000 .0000000 .0000000 100.0000  0
30BUS-  97 BUS-  661 -.111900 2.643200 .0000000 .0000000 100.0000  0
30BUS- 111 BUS-  661 .0000000 .0264000 .0000000 .0000000 100.0000  0
30BUS- 111 BUS-  66A .0005700 .0266000 .0000000 .0000000 100.0000  0
30BUS- 111 BUS-  66B .0000000 .0273000 .0000000 .0000000 100.0000  0
30BUS- 111 BUS-  66C .0005700 .0264000 .0000000 .0000000 100.0000  0
30BUS- 124 BUS-  661 -.028300 .4902000 .0000000 .0000000 100.0000  0
30BUS-  68 BUS-  671 -3.44300 3.717200 .0000000 .0000000 100.0000  0
30BUS-  69 BUS-  671 .0061000 .0550000 .0000000 .0000000 100.0000  0
30BUS-  97 BUS-  671 .0063000 .1166000 .0000000 .0000000 100.0000  0
30BUS- 119 BUS-  671 -.221300 9.391800 .0000000 .0000000 100.0000  0
30BUS- 120 BUS-  671 -.003400 1.784700 .0000000 .0000000 100.0000  0
30BUS- 121 BUS-  671 .0082000 1.170000 .0000000 .0000000 100.0000  0
30BUS- 122 BUS-  671 -.004700 .4473000 .0000000 .0000000 100.0000  0
30BUS- 124 BUS-  671 .0003000 .0065000 .0000000 .0000000 100.0000  0
30BUS- 125 BUS-  671 .0062000 .2519000 .0000000 .0000000 100.0000  0
30BUS- 132 BUS-  671 -.319400 4.356600 .0000000 .0000000 100.0000  0
30BUS-  69 BUS-  681 -.692000 .6984000 .0000000 .0000000 100.0000  0
30BUS-  70 BUS-  691 .0085000 .3333000 .0000000 .0000000 100.0000  0
30BUS-  71 BUS-  691 .0075000 .3120000 .0000000 .0000000 100.0000  0
30BUS-  72 BUS-  691 .0013000 .0100000 .0000000 .0000000 100.0000  0
30BUS-  73 BUS-  691 .0098000 .0747000 .0000000 .0000000 100.0000  0
30BUS-  74 BUS-  691 .0135000 .0741000 .0000000 .0000000 100.0000  0
30BUS-  97 BUS-  691 -.067400 1.584900 .0000000 .0000000 100.0000  0
30BUS- 101 BUS-  691 .0174000 .2188000 .0000000 .0000000 100.0000  0
30BUS- 112 BUS-  691 .0175000 .2201000 .0000000 .0000000 100.0000  0
30BUS- 124 BUS-  691 -.026700 .3986000 .0000000 .0000000 100.0000  0
30BUS-  71 BUS-  701 -.489100 2.661300 .0000000 .0000000 100.0000  0
30BUS-  72 BUS-  701 -.006200 .1216000 .0000000 .0000000 100.0000  0
30BUS-  73 BUS-  701 -.042400 .9125000 .0000000 .0000000 100.0000  0
30BUS-  74 BUS-  701 .0032000 .9138000 .0000000 .0000000 100.0000  0
30BUS- 101 BUS-  701 -.124800 1.040900 .0000000 .0000000 100.0000  0
30BUS- 112 BUS-  701 -.125700 1.047100 .0000000 .0000000 100.0000  0
30BUS-  72 BUS-  711 -.006000 .1138000 .0000000 .0000000 100.0000  0
30BUS-  73 BUS-  711 -.040900 .8541000 .0000000 .0000000 100.0000  0
30BUS-  74 BUS-  711 .0018000 .8553000 .0000000 .0000000 100.0000  0
30BUS- 101 BUS-  711 -.159200 1.230300 .0000000 .0000000 100.0000  0
30BUS- 112 BUS-  711 -.160300 1.237700 .0000000 .0000000 100.0000  0
30BUS-  73 BUS-  721 .0015000 .0275000 .0000000 .0000000 100.0000  0
30BUS-  74 BUS-  721 .0028000 .0274000 .0000000 .0000000 100.0000  0
30BUS-  98 BUS-  721 .0138000 .2417000 .0000000 .0000000 100.0000  0
30BUS- 100 BUS-  721 .1337000 1.738400 .0000000 .0000000 100.0000  0
30BUS- 101 BUS-  721 .0002000 .0802000 .0000000 .0000000 100.0000  0
30BUS- 103 BUS-  721 1.022400 7.594500 .0000000 .0000000 100.0000  0
30BUS- 112 BUS-  721 .0002000 .0806000 .0000000 .0000000 100.0000  0
30BUS-  74 BUS-  731 -.000700 .0393000 .0000000 .0000000 100.0000  0
30BUS-  75 BUS-  731 .0147000 .2581000 .0000000 .0000000 100.0000  0
30BUS-  81 BUS-  731 -.012200 .3068000 .0000000 .0000000 100.0000  0
30BUS-  82 BUS-  731 .0036000 2.016900 .0000000 .0000000 100.0000  0
30BUS-  91 BUS-  731 .0271000 .5732000 .0000000 .0000000 100.0000  0
30BUS-  96 BUS-  731 .0245000 .4805000 .0000000 .0000000 100.0000  0
30BUS- 101 BUS-  731 .0044000 .6014000 .0000000 .0000000 100.0000  0
30BUS- 105 BUS-  731 .0007000 .0325000 .0000000 .0000000 100.0000  0
30BUS- 105 BUS-  73A .0007000 .0325000 .0000000 .0000000 100.0000  0
30BUS- 105 BUS-  73B .0006000 .0295000 .0000000 .0000000 100.0000  0
30BUS- 108 BUS-  731 -.018200 .5832000 .0000000 .0000000 100.0000  0
30BUS- 109 BUS-  731 .0524000 3.005900 .0000000 .0000000 100.0000  0
30BUS- 112 BUS-  731 .0043000 .6050000 .0000000 .0000000 100.0000  0
30BUS- 121 BUS-  731 -.026800 1.765300 .0000000 .0000000 100.0000  0
30BUS-  75 BUS-  741 .0215000 .3277000 .0000000 .0000000 100.0000  0
30BUS-  81 BUS-  741 -.033300 .4631000 .0000000 .0000000 100.0000  0
30BUS-  82 BUS-  741 -.009800 1.985900 .0000000 .0000000 100.0000  0
30BUS-  91 BUS-  741 .0413000 .7511000 .0000000 .0000000 100.0000  0
30BUS-  96 BUS-  741 .4350000 7.690100 .0000000 .0000000 100.0000  0
30BUS- 101 BUS-  741 .0344000 .6005000 .0000000 .0000000 100.0000  0
30BUS- 106 BUS-  741 .0030000 .0335000 .0000000 .0000000 100.0000  0
30BUS- 106 BUS-  74A .0005000 .0328000 .0000000 .0000000 100.0000  0
30BUS- 108 BUS-  741 -.018700 .4544000 .0000000 .0000000 100.0000  0
30BUS- 109 BUS-  741 .1004000 3.469700 .0000000 .0000000 100.0000  0
30BUS- 112 BUS-  741 .0345000 .6042000 .0000000 .0000000 100.0000  0
30BUS- 121 BUS-  741 -.034800 1.375700 .0000000 .0000000 100.0000  0
30BUS-  82 BUS-  751 .0777000 1.125000 .0000000 .0000000 100.0000  0
30BUS-  91 BUS-  751 -.225500 3.144200 .0000000 .0000000 100.0000  0
30BUS-  96 BUS-  751 -.451600 4.631000 .0000000 .0000000 100.0000  0
30BUS- 108 BUS-  751 .0042000 .1049000 .0000000 .0000000 100.0000  0
30BUS- 109 BUS-  751 .1046000 1.446500 .0000000 .0000000 100.0000  0
30BUS- 121 BUS-  751 .0178000 .3172000 .0000000 .0000000 100.0000  0
30BUS-  77 BUS-  761 .0002000 .0160000 .0000000 .0000000 100.0000  0
30BUS-  89 BUS-  761 .0011000 .0221000 .0000000 .0000000 100.0000  0
30BUS-  80 BUS-  791 .0440000 .0991000 .0000000 .0000000 100.0000  0
30BUS-  90 BUS-  791 .0506000 2.471000 .0000000 .0000000 100.0000  0
30BUS-  92 BUS-  791 .0017000 .3032000 .0000000 .0000000 100.0000  0
30BUS-  94 BUS-  791 .1275000 1.119500 .0000000 .0000000 100.0000  0
30BUS-  95 BUS-  791 .3050000 6.415400 .0000000 .0000000 100.0000  0
30BUS- 107 BUS-  791 .0786000 1.414000 .0000000 .0000000 100.0000  0
30BUS-  90 BUS-  801 .4658000 5.875600 .0000000 .0000000 100.0000  0
30BUS-  92 BUS-  801 .1192000 1.505300 .0000000 .0000000 100.0000  0
30BUS-  94 BUS-  801 .4600000 2.647500 .0000000 .0000000 100.0000  0
30BUS-  91 BUS-  821 -.234900 2.418800 .0000000 .0000000 100.0000  0
30BUS- 108 BUS-  821 -.074200 .7278000 .0000000 .0000000 100.0000  0
30BUS- 109 BUS-  821 -.007100 .2634000 .0000000 .0000000 100.0000  0
30BUS- 121 BUS-  821 -.189200 2.205400 .0000000 .0000000 100.0000  0
30BUS-  89 BUS-  831 .0582000 .3855000 .0000000 .0000000 100.0000  0
30BUS- 103 BUS-  891 -1.07300 4.143300 .0000000 .0000000 100.0000  0
30BUS-  92 BUS-  901 -.138000 8.295900 .0000000 .0000000 100.0000  0
30BUS-  94 BUS-  901 .0689000 1.071700 .0000000 .0000000 100.0000  0
30BUS-  96 BUS-  911 -.122400 4.246300 .0000000 .0000000 100.0000  0
30BUS- 108 BUS-  911 -.107800 .6994000 .0000000 .0000000 100.0000  0
30BUS- 109 BUS-  911 -.269900 4.263400 .0000000 .0000000 100.0000  0
30BUS- 121 BUS-  911 -.292400 2.121000 .0000000 .0000000 100.0000  0
30BUS-  94 BUS-  921 .2883000 3.771700 .0000000 .0000000 100.0000  0
30BUS- 107 BUS-  921 .0176000 3.022700 .0000000 .0000000 100.0000  0
30BUS-  95 BUS-  941 .0534000 .9960000 .0000000 .0000000 100.0000  0
30BUS- 138 BUS-  941 -.112500 1.838500 .0000000 .0000000 100.0000  0
30BUS- 138 BUS-  951 -.073200 .6389000 .0000000 .0000000 100.0000  0
30BUS- 108 BUS-  961 -.821500 6.114300 .0000000 .0000000 100.0000  0
30BUS- 124 BUS-  971 -.379300 1.955700 .0000000 .0000000 100.0000  0
30BUS- 100 BUS-  981 -.006300 .3269000 .0000000 .0000000 100.0000  0
30BUS- 103 BUS-  981 .0544000 1.435800 .0000000 .0000000 100.0000  0
30BUS- 103 BUS- 1001 -.024900 .4891000 .0000000 .0000000 100.0000  0
30BUS- 112 BUS- 1011 -.013800 .3610000 .0000000 .0000000 100.0000  0
30BUS- 117 BUS- 1021 -.000300 .0190000 .0000000 .0000000 100.0000  0
30BUS- 118 BUS- 1021 -.026700 .3222000 .0000000 .0000000 100.0000  0
30BUS- 109 BUS- 1081 -.082500 1.271300 .0000000 .0000000 100.0000  0
30BUS- 121 BUS- 1081 -.000900 .0431000 .0000000 .0000000 100.0000  0
30BUS- 121 BUS- 1091 -.188100 3.849900 .0000000 .0000000 100.0000  0
30BUS- 116 BUS- 1151 .0008000 .0291000 .0000000 .0000000 100.0000  0
30BUS- 117 BUS- 1151 -.009200 .2222000 .0000000 .0000000 100.0000  0
30BUS- 118 BUS- 1151 -.004400 .0677000 .0000000 .0000000 100.0000  0
30BUS- 143 BUS- 1151 -.101700 .4924000 .0000000 .0000000 100.0000  0
30BUS- 117 BUS- 1161 .0019100 .0288000 .0000000 .0000000 100.0000  0
30BUS- 118 BUS- 1161 -.001000 .0440000 .0000000 .0000000 100.0000  0
30BUS- 143 BUS- 1161 -.218700 1.289600 .0000000 .0000000 100.0000  0
30BUS- 118 BUS- 1171 .0008000 .0081000 .0000000 .0000000 100.0000  0
30BUS- 143 BUS- 1171 -.083400 .6854000 .0000000 .0000000 100.0000  0
30BUS- 131 BUS- 1181 -.892500 6.238500 .0000000 .0000000 100.0000  0
30BUS- 132 BUS- 1181 -.696700 8.143000 .0000000 .0000000 100.0000  0
30BUS- 143 BUS- 1181 -.001100 .0231000 .0000000 .0000000 100.0000  0
30BUS- 120 BUS- 1191 .0010000 .0236000 .0000000 .0000000 100.0000  0
30BUS- 121 BUS- 1191 -.011000 .2901000 .0000000 .0000000 100.0000  0
30BUS- 122 BUS- 1191 -.601300 5.894100 .0000000 .0000000 100.0000  0
30BUS- 124 BUS- 1191 -.261800 3.394000 .0000000 .0000000 100.0000  0
30BUS- 125 BUS- 1191 -.008200 .2595000 .0000000 .0000000 100.0000  0
30BUS- 126 BUS- 1191 .0015300 .0179000 .0000000 .0000000 100.0000  0
30BUS- 127 BUS- 1191 -.117200 1.393200 .0000000 .0000000 100.0000  0
30BUS- 128 BUS- 1191 -.005400 .0516000 .0000000 .0000000 100.0000  0
30BUS- 129 BUS- 1191 .0034000 .0642000 .0000000 .0000000 100.0000  0
30BUS- 130 BUS- 1191 -.002200 .0163000 .0000000 .0000000 100.0000  0
30BUS- 131 BUS- 1191 -.004400 .0242000 .0000000 .0000000 100.0000  0
30BUS- 132 BUS- 1191 -.413700 2.402700 .0000000 .0000000 100.0000  0
30BUS- 144 BUS- 1191 -.851100 3.835800 .0000000 .0000000 100.0000  0
30BUS- 121 BUS- 1201 .0009000 .0779000 .0000000 .0000000 100.0000  0
30BUS- 122 BUS- 1201 -.061000 .9305000 .0000000 .0000000 100.0000  0
30BUS- 123 BUS- 1201 -.046600 .5011000 .0000000 .0000000 100.0000  0
30BUS- 124 BUS- 1201 -.025900 .4722000 .0000000 .0000000 100.0000  0
30BUS- 125 BUS- 1201 -.000200 .0555000 .0000000 .0000000 100.0000  0
30BUS- 127 BUS- 1201 .0020000 .1818000 .0000000 .0000000 100.0000  0
30BUS- 128 BUS- 1201 -.002900 .0743000 .0000000 .0000000 100.0000  0
30BUS- 129 BUS- 1201 -.022900 .4911000 .0000000 .0000000 100.0000  0
30BUS- 130 BUS- 1201 -.167400 1.067500 .0000000 .0000000 100.0000  0
30BUS- 131 BUS- 1201 -.068700 .4516000 .0000000 .0000000 100.0000  0
30BUS- 132 BUS- 1201 -.025500 .4566000 .0000000 .0000000 100.0000  0
30BUS- 122 BUS- 1211 -.010800 .4830000 .0000000 .0000000 100.0000  0
30BUS- 123 BUS- 1211 -.171200 1.948200 .0000000 .0000000 100.0000  0
30BUS- 124 BUS- 1211 -.006000 .3494000 .0000000 .0000000 100.0000  0
30BUS- 125 BUS- 1211 .0000000 .0124000 .0000000 .0000000 100.0000  0
30BUS- 127 BUS- 1211 -.020400 .8338000 .0000000 .0000000 100.0000  0
30BUS- 128 BUS- 1211 -.027800 .3095000 .0000000 .0000000 100.0000  0
30BUS- 129 BUS- 1211 -.454500 4.254000 .0000000 .0000000 100.0000  0
30BUS- 131 BUS- 1211 -.218300 1.506600 .0000000 .0000000 100.0000  0
30BUS- 132 BUS- 1211 -.130800 1.381500 .0000000 .0000000 100.0000  0
30BUS- 123 BUS- 1221 -.584000 4.860900 .0000000 .0000000 100.0000  0
30BUS- 124 BUS- 1221 -.000900 .0552000 .0000000 .0000000 100.0000  0
30BUS- 125 BUS- 1221 -.006900 .1583000 .0000000 .0000000 100.0000  0
30BUS- 131 BUS- 1221 -.243300 1.935000 .0000000 .0000000 100.0000  0
30BUS- 132 BUS- 1221 -.018700 .2572000 .0000000 .0000000 100.0000  0
30BUS- 133 BUS- 1221 -.098000 .9821000 .0000000 .0000000 100.0000  0
30BUS- 143 BUS- 1221 -.031200 .4888000 .0000000 .0000000 100.0000  0
30BUS- 124 BUS- 1231 -.223000 1.967000 .0000000 .0000000 100.0000  0
30BUS- 125 BUS- 1231 -.082100 .6062000 .0000000 .0000000 100.0000  0
30BUS- 131 BUS- 1231 -.178300 1.253500 .0000000 .0000000 100.0000  0
30BUS- 132 BUS- 1231 -.135500 1.204100 .0000000 .0000000 100.0000  0
30BUS- 125 BUS- 1241 -.001700 .0949000 .0000000 .0000000 100.0000  0
30BUS- 128 BUS- 1241 -1.15300 8.251300 .0000000 .0000000 100.0000  0
30BUS- 131 BUS- 1241 -.106200 .8185000 .0000000 .0000000 100.0000  0
30BUS- 132 BUS- 1241 -.009400 .1612000 .0000000 .0000000 100.0000  0
30BUS- 133 BUS- 1241 -.034200 1.179800 .0000000 .0000000 100.0000  0
30BUS- 143 BUS- 1241 -.007800 .7607000 .0000000 .0000000 100.0000  0
30BUS- 127 BUS- 1251 -.079100 .9851000 .0000000 .0000000 100.0000  0
30BUS- 128 BUS- 1251 -.062000 .5991000 .0000000 .0000000 100.0000  0
30BUS- 129 BUS- 1251 -.421700 3.970200 .0000000 .0000000 100.0000  0
30BUS- 130 BUS- 1251 -1.97400 8.485400 .0000000 .0000000 100.0000  0
30BUS- 131 BUS- 1251 -.125100 .6939000 .0000000 .0000000 100.0000  0
30BUS- 132 BUS- 1251 -.053600 .5086000 .0000000 .0000000 100.0000  0
30BUS- 128 BUS- 1271 -.002600 .1240000 .0000000 .0000000 100.0000  0
30BUS- 129 BUS- 1271 -.039200 1.108200 .0000000 .0000000 100.0000  0
30BUS- 129 BUS- 1281 -.001000 .0207000 .0000000 .0000000 100.0000  0
30BUS- 130 BUS- 1281 -1.10000 2.992400 .0000000 .0000000 100.0000  0
30BUS- 131 BUS- 1281 -1.55900 4.086900 .0000000 .0000000 100.0000  0
30BUS- 131 BUS- 1301 -.002700 .0154000 .0000000 .0000000 100.0000  0
30BUS- 132 BUS- 1301 -.650900 3.031000 .0000000 .0000000 100.0000  0
30BUS- 144 BUS- 1301 -.753200 3.066400 .0000000 .0000000 100.0000  0
30BUS- 132 BUS- 1311 -.003200 .0411000 .0000000 .0000000 100.0000  0
30BUS- 133 BUS- 1311 -1.07700 5.528500 .0000000 .0000000 100.0000  0
30BUS- 143 BUS- 1311 -.058800 .4055000 .0000000 .0000000 100.0000  0
30BUS- 144 BUS- 1311 -.002200 .0151000 .0000000 .0000000 100.0000  0
30BUS- 133 BUS- 1321 -.091600 .8229000 .0000000 .0000000 100.0000  0
30BUS- 143 BUS- 1321 -.004900 .0965000 .0000000 .0000000 100.0000  0
30BUS- 144 BUS- 1321 -.110800 .9827000 .0000000 .0000000 100.0000  0
30BUS- 143 BUS- 1331 -.360000 2.630900 .0000000 .0000000 100.0000  0
30BUS- 131 BUS- 1341 -.404200 .9144000 .0000000 .0000000 100.0000  0
30BUS- 136 BUS- 1341 -.069800 .6428000 .0000000 .0000000 100.0000  0
30BUS- 139 BUS- 1341 -.035300 .1660000 .0000000 .0000000 100.0000  0
30BUS- 141 BUS- 1341 -.023000 .1179000 .0000000 .0000000 100.0000  0
30BUS- 142 BUS- 1341 -.026300 .1167000 .0000000 .0000000 100.0000  0
30BUS- 144 BUS- 1341 -.014500 .0435000 .0000000 .0000000 100.0000  0
30BUS- 145 BUS- 1341 -.003400 .0216000 .0000000 .0000000 100.0000  0
30BUS-  95 BUS- 1351 -.344800 3.484500 .0000000 .0000000 100.0000  0
30BUS- 136 BUS- 1351 -.003100 .0178000 .0000000 .0000000 100.0000  0
30BUS- 138 BUS- 1351 -.008400 .1729000 .0000000 .0000000 100.0000  0
30BUS- 141 BUS- 1351 -.129000 .6993000 .0000000 .0000000 100.0000  0
30BUS- 115 BUS- 1361 -.012000 .0855000 .0000000 .0000000 100.0000  0
30BUS- 116 BUS- 1361 -1.20000 4.265500 .0000000 .0000000 100.0000  0
30BUS- 117 BUS- 1361 -2.96900 9.087500 .0000000 .0000000 100.0000  0
30BUS- 118 BUS- 1361 -.574900 1.620600 .0000000 .0000000 100.0000  0
30BUS- 138 BUS- 1361 -.158100 .5485000 .0000000 .0000000 100.0000  0
30BUS- 139 BUS- 1361 -.005900 .0293000 .0000000 .0000000 100.0000  0
30BUS- 140 BUS- 1361 -2.40300 9.378000 .0000000 .0000000 100.0000  0
30BUS- 141 BUS- 1361 -.002600 .0175000 .0000000 .0000000 100.0000  0
30BUS- 142 BUS- 1361 -.046700 .1709000 .0000000 .0000000 100.0000  0
30BUS- 143 BUS- 1361 -1.76200 3.454900 .0000000 .0000000 100.0000  0
30BUS- 145 BUS- 1361 -.004900 .0539000 .0000000 .0000000 100.0000  0
30BUS- 139 BUS- 1371 -.018300 .0936000 .0000000 .0000000 100.0000  0
30BUS- 140 BUS- 1371 -2.22900 8.022800 .0000000 .0000000 100.0000  0
30BUS- 145 BUS- 1371 -.085200 .4071000 .0000000 .0000000 100.0000  0
30BUS- 140 BUS- 1391 -.005400 .0239000 .0000000 .0000000 100.0000  0
30BUS- 141 BUS- 1391 -.008300 .0460000 .0000000 .0000000 100.0000  0
30BUS- 142 BUS- 1391 -.310200 1.267000 .0000000 .0000000 100.0000  0
30BUS- 145 BUS- 1391 -.000900 .0080000 .0000000 .0000000 100.0000  0
30BUS- 145 BUS- 1401 -.108800 .4800000 .0000000 .0000000 100.0000  0
30BUS- 115 BUS- 1411 -.000700 .0131000 .0000000 .0000000 100.0000  0
30BUS- 116 BUS- 1411 -.156800 .7448000 .0000000 .0000000 100.0000  0
30BUS- 117 BUS- 1411 -.370200 1.382000 .0000000 .0000000 100.0000  0
30BUS- 118 BUS- 1411 -.041400 .1439000 .0000000 .0000000 100.0000  0
30BUS- 131 BUS- 1411 -.233100 .8129000 .0000000 .0000000 100.0000  0
30BUS- 132 BUS- 1411 -1.62800 7.093600 .0000000 .0000000 100.0000  0
30BUS- 142 BUS- 1411 -.001800 .0105000 .0000000 .0000000 100.0000  0
30BUS- 143 BUS- 1411 -.070200 .1778000 .0000000 .0000000 100.0000  0
30BUS- 144 BUS- 1411 -.075600 .2441000 .0000000 .0000000 100.0000  0
30BUS- 145 BUS- 1411 -.003800 .0358000 .0000000 .0000000 100.0000  0
30BUS- 115 BUS- 1421 -.016600 .1563000 .0000000 .0000000 100.0000  0
30BUS- 116 BUS- 1421 -.691600 2.630200 .0000000 .0000000 100.0000  0
30BUS- 117 BUS- 1421 -.559600 2.228400 .0000000 .0000000 100.0000  0
30BUS- 118 BUS- 1421 -.018500 .1037000 .0000000 .0000000 100.0000  0
30BUS- 119 BUS- 1421 -.274200 1.861100 .0000000 .0000000 100.0000  0
30BUS- 120 BUS- 1421 -.604300 7.353000 .0000000 .0000000 100.0000  0
30BUS- 122 BUS- 1421 -.258900 2.173200 .0000000 .0000000 100.0000  0
30BUS- 124 BUS- 1421 -.173600 2.134700 .0000000 .0000000 100.0000  0
30BUS- 125 BUS- 1421 -1.09000 8.616000 .0000000 .0000000 100.0000  0
30BUS- 130 BUS- 1421 -.360800 1.861800 .0000000 .0000000 100.0000  0
30BUS- 131 BUS- 1421 -.001300 .0157000 .0000000 .0000000 100.0000  0
30BUS- 132 BUS- 1421 -.005500 .0810000 .0000000 .0000000 100.0000  0
30BUS- 133 BUS- 1421 -1.63600 9.172500 .0000000 .0000000 100.0000  0
30BUS- 143 BUS- 1421 -.003800 .0187000 .0000000 .0000000 100.0000  0
30BUS- 144 BUS- 1421 -.002000 .0229000 .0000000 .0000000 100.0000  0
30BUS- 145 BUS- 1421 -.073800 .4380000 .0000000 .0000000 100.0000  0
30BUS- 144 BUS- 1431 -.486300 2.328200 .0000000 .0000000 100.0000  0
30BUS- 145 BUS- 1441 -.383500 1.205200 .0000000 .0000000 100.0000  0
 
41BUS-   1 BUS-   31 -.009000 -.171800 .0000000 .0000000 100.0000 1.069519  0
41BUS-   1 BUS-   41 -.009000 -.171800 .0000000 .0000000 100.0000 1.069519  0
41BUS-   1 BUS-   51 -.008900 -.169700 .0000000 .0000000 100.0000 1.069519  0
41BUS-   1 BUS-  331 .0001000 .0060000 .0000000 .0000000 100.0000 1.069519  0
41BUS-   1 BUS-  931 .0002000 .0138000 .0000000 .0000000 100.0000 .9061254  0
41BUS-   1 BUS-  93A .0002000 .0138000 .0000000 .0000000 100.0000 .9061254  0
41BUS-   2 BUS- 1131 .0000000 .0148000 .0000000 .0000000 100.0000 .9048136  0
41BUS-   2 BUS- 1141 .0001800 .0145000 .0000000 .0000000 100.0000 .9048136  0
41BUS-   7 BUS-   81 -.011200 -.151600 .0000000 .0000000 100.0000 1.029230  0
41BUS-   7 BUS-  661 .0001500 .0097000 .0000000 .0000000 100.0000 1.029230  0
41BUS-   7 BUS- 1041 .0003600 .0190000 .0000000 .0000000 100.0000 .9048136  0
41BUS-   7 BUS- 104A .0004100 .0174000 .0000000 .0000000 100.0000 .9048136  0
41BUS-   9 BUS-  111 -.021700 -.306200 .0000000 .0000000 100.0000 1.090988  0
41BUS-   9 BUS-  691 .0004000 .0188000 .0000000 .0000000 100.0000 1.090988  0
41BUS-  10 BUS-  321 -.027000 -.304100 .0000000 .0000000 100.0000 1.090988  0
41BUS-  10 BUS-  691 .0004000 .0187000 .0000000 .0000000 100.0000 1.090988  0
41BUS-  12 BUS-  131 -.022300 -.309900 .0000000 .0000000 100.0000 1.090988  0
41BUS-  12 BUS-  13A -.023700 -.316000 .0000000 .0000000 100.0000 1.090988  0
41BUS-  12 BUS-  13B -.023700 -.316000 .0000000 .0000000 100.0000 1.090988  0
41BUS-  12 BUS-  721 .0003000 .0189000 .0000000 .0000000 100.0000 1.090988  0
41BUS-  12 BUS-  72A .0003000 .0190000 .0000000 .0000000 100.0000 1.090988  0
41BUS-  12 BUS-  72B .0003000 .0190000 .0000000 .0000000 100.0000 1.090988  0
41BUS-  14 BUS-  151 -.041500 -.399600 .0000000 .0000000 100.0000 1.091227  0
41BUS-  14 BUS-  161 -.010000 -.166900 .0000000 .0000000 100.0000 1.091227  0
41BUS-  14 BUS-  581 .0002000 .0097000 .0000000 .0000000 100.0000 1.091227  0
41BUS-  17 BUS-  181 -.318100 -1.31500 .0000000 .0000000 100.0000 1.148369  0
41BUS-  17 BUS-  191 .0000000 -.847000 .0000000 .0000000 100.0000 1.158212  0
41BUS-  17 BUS-  201 .0000000 -.867600 .0000000 .0000000 100.0000 1.158212  0
41BUS-  17 BUS-  211 -.009500 -.161500 .0000000 .0000000 100.0000 1.148369  0
41BUS-  17 BUS-  591 .0001000 .0071000 .0000000 .0000000 100.0000 1.148369  0
41BUS-  22 BUS-  231 .0000000 -.378700 .0000000 .0000000 100.0000 1.072731  0
41BUS-  22 BUS-  301 .0000000 -.306600 .0000000 .0000000 100.0000 1.049098  0
41BUS-  22 BUS-  781 .0000000 .0268000 .0000000 .0000000 100.0000 1.049098  0
41BUS-  22 BUS-  831 .0000000 .0349000 .0000000 .0000000 100.0000 1.072731  0
41BUS-  24 BUS-  761 .0002000 .0088000 .0000000 .0000000 100.0000 1.010305  0
41BUS-  24 BUS-  771 -.002300 -.060300 .0000000 .0000000 100.0000 1.010305  0
41BUS-  25 BUS-  261 -.006000 -.137500 .0000000 .0000000 100.0000 1.090988  0
41BUS-  25 BUS-  311 -.008200 -.164800 .0000000 .0000000 100.0000 1.090988  0
41BUS-  25 BUS-  731 .0003000 .0172000 .0000000 .0000000 100.0000 1.090988  0
41BUS-  25 BUS-  741 .0004000 .0179000 .0000000 .0000000 100.0000 1.090988  0
41BUS-  27 BUS-  281 -.115300 -.745300 .0000000 .0000000 100.0000 1.102050  0
41BUS-  27 BUS-  291 -.016300 -.261800 .0000000 .0000000 100.0000 1.102050  0
41BUS-  27 BUS-  751 .0001600 .0100000 .0000000 .0000000 100.0000 1.102050  0
41BUS-  33 BUS- 1101 .0002400 .0157000 .0000000 .0000000 100.0000 .8474576  0
41BUS-  33 BUS- 110A .0002300 .0156000 .0000000 .0000000 100.0000 .8474576  0
41BUS-  36 BUS-  991 .0008000 .0455000 .0000000 .0000000 100.0000 .8856612  0
41BUS-  37 BUS-  871 .0009300 .0442000 .0000000 .0000000 100.0000 .9523810  0
41BUS-  61 BUS-  621 -.036200 -.260800 .0000000 .0000000 100.0000 .9523810  0
41BUS-  61 BUS-  62A -.047200 -.543800 .0000000 .0000000 100.0000 .9523810  0
41BUS-  61 BUS-  861 .0013200 .0320000 .0000000 .0000000 100.0000 .9523810  0
41BUS-  61 BUS-  86A .0011000 .0370000 .0000000 .0000000 100.0000 .9523810  0
41BUS-  61 BUS-  86B .0011000 .0370000 .0000000 .0000000 100.0000 .9523810  0
 
 
 
 
 
 
 
 
 
