HEADER     22/ 3/ 0 3.2     

B 
9 1 0 0 1 1  0 .0050000                    0            0       1
 
8
 
 
AA 01
 
101BUS_   1                   .0000000 .0000000 160.0000 80.00000 .0000000 .0000000 100.0000    0  0.86217   -4.778
101BUS_   2                   .0000000 .0000000 200.0000 100.0000 .0000000 .0000000 100.0000    0  1.07792   17.854
101BUS_   3                   .0000000 .0000000 370.0000 130.0000 .0000000 .0000000 100.0000    0  1.03641   -4.282
101BUS_   4                   500.0000 181.2992 .0000000 .0000000 .0000000 .0000000 100.0000    0  1.05000   21.843
101BUS_   5                   257.9399 229.9341 .0000000 .0000000 .0000000 .0000000 100.0000    0  1.05000    0.000
 
5  BUS_   4          -99990.0 999900.0 .0000000 105.0000 1
5  BUS_   5                            .0000000 105.0000 3
 
30BUS_   1 BUS_   2  .0400000 .2500000 .0000000 .2500000 100.0000  0
30BUS_   1 BUS_   3  .1000000 .3500000 .0000000 .0000000 100.0000  0
30BUS_   2 BUS_   3  .0800000 .3000000 .0000000 .2500000 100.0000  0
 
41BUS_   3 BUS_   5  .0000000 .0300000 .0000000 .0000000 100.0000 .9523810  0
41BUS_   2 BUS_   4  .0000000 .0150000 .0000000 .0000000 100.0000 .9523810  0
 