HEADER     20/ 3/ 0 3.2     

B 
9 1 0 0 1 1  0 .0050000                    0            0       1
 
8
 
 
AA 01
 
101BUS-   1                   1998.000 967.9236 .0000000 .0000000 .0000000 .0000000 100.0000    0  1.00000   28.343
101BUS-   2                   .0000000 .0000000 .0000000 .0000000 .0000000 .0000000 100.0000    0  0.94430   20.124
101BUS-   3                   -1998.00 87.06721 .0000000 .0000000 .0000000 .0000000 100.0000    0  0.90081    0.000
 
5  BUS-   1          -22197.0 221977.0 .0000000 100.0000 1
5  BUS-   3                            .0000000 90.08100 3
 
30BUS-   3 BUS-   2  .0000000 .0418919 .0000000 .0000000 2220.000  0
30BUS-   3 BUS-   2A .0000000 .0225225 .0000000 .0000000 2220.000  0
 
41BUS-   1 BUS-   2  .0000000 .0067568 .0000000 .0000000 2220.000 1.000000  0
 
 