HEADER     13/ 4/ 0 3.2     

B 
9 1 0 0 1 1  0 .0050000                    0            0       1
 
8
 
 
AA 01
 
101BUS_   1                   200.0001 71.01962 .0000000 .0000000 .0000000 .0000000 100.0000    0  1.08000    0.000
101BUS_   2                   .0000000 .0000000 .0000000 .0000000 .0000000 .0000000 100.0000    0  1.01823  -21.330
101BUS_   3                   .0000000 .0000000 300.0000 100.0000 .0000000 50.00000 100.0000    0  0.98016  -29.974
101BUS_   4                   100.0000 112.5976 .0000000 .0000000 .0000000 .0000000 100.0000    0  1.05000  -19.722
 
5  BUS_   1                            .0000000 108.0000 3
5  BUS_   4          -99990.0 999900.0 .0000000 105.0000 1
 
30BUS_   1 BUS_   21 .0000000 .2000000 .0000000 .0000000 100.0000  0
30BUS_   2 BUS_   31 .0000000 .0500000 .0000000 .0000000 100.0000  0
30BUS_   2 BUS_   41 .0000000 .0300000 .0000000 .0000000 100.0000  0